25.23
21.42
14.79
20.55
16.08
14.1
10.71
17.73
24.0
25.83
20.31
27.39
26.55
28.17
22.83
22.23
23.25
22.8
14.73
15.99
15.93
9.9
13.2
16.62
18.21
16.26
11.61
11.1
18.27
14.55
18.42
17.31
11.91
9.6
16.32
15.0
16.62
20.13
12.51
17.28
24.54
31.5
29.31
25.26
19.77
21.09
28.08
19.17
11.91
16.38
13.41
10.17
15.15
22.32
28.65
25.05
23.43
30.6
32.7
23.55
11.46
16.17
17.13
21.63
22.74
27.27
33.6
22.53
20.13
13.11
14.25
20.34
15.66
14.34
12.69
10.35
13.98
11.85
17.31
18.12
19.59
21.75
22.17
19.32
18.9
13.41
18.66
19.56
14.91
13.95
17.07
17.28
23.88
30.9
20.58
17.31
21.3
12.12
11.49
17.79
9.72
13.95
15.33
15.87
19.23
13.89
12.15
18.36
18.57
17.97
23.1
29.58
26.73
16.2
9.18
8.61
12.36
11.82
10.23
12.36
13.56
13.59
20.19
19.53
21.87
22.29
18.21
21.0
25.29
15.81
10.62
12.93
15.12
15.54
15.63
11.85
11.1
13.23
18.9
11.61
8.43
12.78
16.5
19.98
27.21
34.5
39.0
30.3
24.0
14.19
10.35
15.15
15.93
23.13
29.01
26.58
26.31
26.46
21.03
12.54
12.21
14.25
20.61
20.91
17.94
18.0
18.48
11.91
18.27
18.42
20.46
13.08
16.71
17.52
17.16
23.88
20.46
17.85
12.66
9.96
9.87
15.72
16.53
23.31
29.04
19.83
19.47
18.12
15.45
16.98
13.86
14.34
11.4
13.23
10.77
14.61
15.63
8.16
14.25
16.65
21.72
26.19
18.48
24.66
18.18
11.43
13.41
6.63
11.61
13.41
15.81
14.64
17.85
17.07
14.52
15.72
21.75
28.8
36.0
37.8
28.8
30.3
22.8
16.29
10.59
14.91
21.48
20.22
18.42
13.41
12.51
13.14
11.85
12.78
13.83
12.48
14.67
19.08
14.79
21.54
28.74
24.3
23.52
30.3
30.9
18.78
16.05
16.29
21.75
19.14
19.77
24.96
23.43
17.46
15.96
20.82
16.68
13.65
20.16
19.02
18.0
25.32
22.98
21.42
23.97
16.44
14.4
14.31
18.69
23.76
17.46
16.59
20.16
15.18
10.83
9.69
13.65
21.0
19.68
16.08
18.72
19.74
19.26
16.5
23.46
22.23
23.25
17.82
15.81
11.58
14.4
18.45
20.67
27.78
31.8
32.1
19.35
21.69
22.56
21.45
28.08
31.5
23.28
13.53
11.61
16.2
18.3
16.2
16.38
16.59
17.16
11.4
11.13
14.61
18.69
22.62
23.31
21.27
20.7
17.37
24.27
22.65
19.5
11.46
15.18
22.17
29.37
35.4
29.13
19.53
19.98
16.86
16.68
21.03
15.15
10.68
12.36
18.78
26.58
26.13
17.73
21.36
23.34
25.17
14.19
10.08
9.93
16.32
17.34
22.44
21.33
19.77
20.61
25.29
23.46
13.95
16.05
21.81
20.88
14.52
14.49
14.31
10.71
14.94
12.3
12.75
11.19
9.15
13.53
16.83
12.27
13.56
13.74
14.04
16.95
19.53
15.81
16.11
16.32
22.77
18.24
19.77
26.91
24.99
26.82
15.54
19.53
13.32
13.41
11.16
12.6
14.67
17.85
17.94
20.1
23.1
30.3
37.5
32.4
15.63
11.76
11.64
18.15
16.29
17.49
13.08
19.38
19.92
13.95
12.9
11.04
16.11
19.59
15.99
20.82
21.96
21.33
23.4
21.0
20.97
12.3
10.98
9.6
10.68
17.25
24.36
17.85
14.64
13.83
13.83
13.32
17.52
14.76
19.92
19.11
19.32
25.95
33.6
32.1
17.76
18.9
21.81
13.59
13.17
10.26
13.17
19.68
19.14
26.04
19.47
12.51
11.64
8.28
11.64
13.29
10.56
12.57
17.52
24.63
31.8
30.0
22.83
22.65
27.6
28.35
15.0
11.1
17.25
12.66
18.51
25.14
27.24
19.56
19.23
18.93
22.32
15.33
11.25
17.64
17.61
17.73
22.98
30.0
22.41
24.66
31.8
28.23
13.29
18.48
13.95
12.96
19.08
20.1
25.89
28.56
21.3
27.81
31.2
20.85
19.62
21.33
17.85
17.49
23.52
20.91
20.58
21.69
13.32
14.13
15.36
18.42
20.82
23.22
22.56
14.4
8.16
15.21
22.35
19.62
13.95
20.61
27.27
30.6
17.46
17.46
15.99
19.98
20.43
25.53
18.45
14.79
15.45
22.74
26.52
19.47
24.3
23.13
29.85
34.2
26.85
19.62
25.44
22.83
12.45
13.68
15.78
21.51
16.89
19.26
11.49
11.25
17.85
25.14
25.47
12.45
14.55
19.71
20.34
27.27
27.81
15.3
10.5
7.62
11.34
18.18
24.36
31.2
13.59
10.29
9.87
12.81
19.23
11.82
10.47
16.26
22.89
29.37
22.62
10.62
9.78
10.68
17.46
16.71
13.17
16.98
14.94
13.32
17.52
21.15
19.38
19.53
17.82
15.96
18.45
19.23
25.2
33.0
29.31
27.48
31.2
31.5
32.1
20.64
22.11
17.61
18.42
21.81
22.74
27.15
26.37
20.34
14.22
17.04
17.55
10.71
8.64
9.87
16.23
16.74
17.25
17.31
18.03
20.61
17.16
9.78
13.41
15.45
13.14
18.12
24.96
24.6
24.96
16.68
16.53
14.61
12.48
13.23
13.62
8.13
12.27
17.52
18.15
18.57
23.88
27.84
23.19
22.8
16.86
22.77
21.81
18.06
14.94
13.02
15.0
18.84
22.89
12.36
9.36
16.23
16.32
21.69
15.63
15.21
16.08
13.11
11.1
11.37
15.99
22.89
18.69
16.38
19.74
25.5
21.12
17.37
22.47
19.08
14.4
11.01
14.1
16.98
20.43
19.02
19.77
15.51
14.97
13.44
11.61
8.94
10.23
17.13
23.07
22.08
24.33
20.4
24.21
22.83
20.85
14.01
14.94
13.95
14.64
19.74
17.4
14.61
14.55
16.08
16.71
18.3
11.34
14.07
12.15
13.35
19.26
17.31
13.44
14.67
19.38
19.95
24.27
22.56
21.51
22.98
20.82
16.71
23.61
27.39
18.87
16.02
17.49
16.83
19.8
21.15
21.48
11.16
16.02
22.23
15.93
15.87
17.49
21.63
26.82
24.57
21.96
20.55
17.58
15.06
18.63
20.91
22.17
17.1
21.72
22.17
24.81
16.98
13.89
17.64
19.08
20.76
21.69
22.11
10.56
9.84
9.81
13.2
16.23
13.14
11.94
10.59
15.81
12.57
14.79
14.91
19.53
21.42
18.84
17.25
17.07
12.66
17.55
15.96
11.1
12.78
16.08
11.7
18.06
22.41
16.92
18.24
13.8
15.21
15.93
15.57
14.7
16.59
13.89
15.6
16.26
16.44
16.11
14.4
15.99
14.13
16.89
18.48
25.68
27.15
22.41
14.4
12.12
14.28
15.78
16.26
18.21
17.34
17.34
21.87
24.12
26.31
27.63
19.44
20.04
22.65
15.72
7.83
10.92
17.97
19.77
22.11
18.12
14.67
21.78
25.68
16.71
11.4
13.77
15.06
19.32
16.65
21.21
20.7
15.63
9.57
14.76
19.32
20.79
27.72
33.3
16.68
14.31
18.51
20.64
27.6
25.32
22.02
25.02
25.95
19.77
15.18
17.07
15.51
21.48
18.51
15.51
11.7
16.41
23.28
29.31
14.76
13.68
20.43
27.81
34.2
31.5
31.8
21.06
12.36
11.79
11.82
12.57
10.26
7.26
7.89
12.93
14.76
18.27
17.19
14.04
20.31
24.15
21.63
19.05
10.11
12.3
17.1
22.08
18.93
21.66
19.38
10.14
11.94
17.79
14.91
18.3
25.23
32.4
38.7
35.1
39.3
24.93
18.24
20.46
20.46
19.92
17.52
19.53
23.31
20.85
12.66
8.82
12.42
19.62
19.89
18.06
24.21
19.56
17.34
12.42
15.3
22.11
28.59
23.97
24.42
29.79
23.4
22.65
18.48
21.06
17.82
19.47
18.78
18.0
21.24
20.13
18.18
13.23
12.12
9.51
9.9
15.27
16.2
15.45
17.04
13.53
14.4
14.55
16.92
18.57
18.15
10.44
11.7
14.67
11.19
14.31
20.46
20.34
27.15
31.2
17.37
10.29
15.15
17.04
23.97
31.2
30.0
22.32
16.32
22.29
17.61
13.14
13.86
15.78
14.88
16.5
23.67
29.04
16.2
13.62
20.88
14.85
19.35
25.5
20.97
23.25
21.54
15.84
20.04
20.46
13.62
18.15
22.14
21.3
21.09
25.08
19.77
17.85
24.12
30.9
27.84
22.47
10.32
11.55
9.39
15.18
20.58
16.47
14.73
18.42
17.73
15.63
17.4
17.19
16.71
18.63
24.12
31.5
29.01
24.48
15.75
17.73
18.06
17.52
18.51
24.33
18.06
17.28
22.29
23.07
26.91
29.46
17.97
14.52
14.19
21.03
24.63
25.53
32.4
30.3
21.33
16.47
13.83
16.32
23.34
30.3
33.3
23.43
20.4
11.43
13.2
12.51
18.0
17.58
17.4
24.84
24.42
18.93
18.63
24.21
13.08
7.86
13.14
15.42
22.38
29.43
30.9
27.84
21.03
15.99
14.01
14.55
19.38
26.79
26.34
16.2
13.62
7.68
8.19
8.79
10.23
14.1
15.81
15.6
21.33
28.44
35.7
35.7
18.0
21.9
19.56
14.52
20.37
18.69
18.39
25.38
24.81
14.97
20.37
27.51
25.98
22.02
23.4
25.62
19.05
22.74
24.99
27.27
28.68
21.96
21.78
19.23
25.17
31.2
15.93
13.62
16.8
14.55
15.0
18.63
15.84
18.36
25.44
26.04
29.34
33.9
32.1
38.1
35.4
28.23
27.21
21.27
16.47
20.67
25.65
14.01
17.37
13.86
8.97
10.56
13.47
16.71
12.06
13.38
14.97
15.0
14.91
18.3
19.14
23.13
22.65
11.19
10.95
13.56
13.41
7.98
6.99
8.43
14.61
16.8
13.59
15.12
14.94
14.61
22.2
23.1
26.58
19.98
22.68
22.2
18.48
15.78
16.11
18.84
13.53
20.01
17.58
10.38
10.35
12.48
19.44
26.55
27.48
21.54
23.34
15.66
12.72
18.72
25.98
31.8
19.92
10.83
13.32
16.17
16.02
12.93
17.37
24.57
26.64
24.66
25.29
26.85
17.1
19.92
18.93
10.95
15.09
21.69
20.58
24.27
14.13
18.42
23.4
15.72
16.92
19.59
14.22
13.11
16.11
17.13
22.74
23.25
22.98
20.88
18.66
14.25
21.33
28.29
27.63
19.35
15.42
21.09
11.37
12.48
11.88
12.99
14.01
15.72
18.03
16.98
15.09
18.69
19.5
23.94
25.08
26.19
22.38
22.83
25.14
19.47
17.28
17.55
17.82
24.21
23.31
11.46
12.15
17.07
19.53
19.05
16.8
20.67
20.25
18.45
13.62
9.24
15.72
17.49
19.83
14.97
21.69
24.09
26.07
25.44
29.64
30.0
30.0
24.3
19.68
23.19
30.9
37.2
26.97
17.19
15.15
15.3
20.31
24.18
25.23
26.58
23.49
25.95
22.65
20.49
21.36
26.91
29.34
21.54
21.12
25.2
17.64
18.6
15.75
21.78
18.87
19.35
27.03
33.9
24.0
24.42
19.02
15.15
17.31
18.36
15.21
15.72
22.98
29.91
30.9
32.7
23.97
11.94
13.68
17.61
19.8
24.84
18.0
17.97
13.8
17.16
24.33
21.57
16.32
14.85
14.79
15.0
18.45
15.54
16.5
11.19
18.12
15.42
14.55
19.02
20.82
18.42
16.68
23.52
26.85
25.02
11.4
14.01
20.76
19.05
15.3
15.21
17.49
24.66
28.23
15.99
20.19
26.7
16.86
16.17
23.1
30.3
30.6
27.36
16.44
15.39
22.32
29.49
32.1
26.1
21.03
15.06
18.39
22.23
16.86
22.17
21.96
18.18
13.98
17.76
16.65
10.56
9.81
9.21
15.75
20.55
15.57
13.89
10.89
17.76
24.81
25.89
20.31
26.79
24.12
30.6
24.15
17.25
14.7
16.5
15.12
8.82
13.2
15.54
21.72
15.57
21.06
17.85
12.75
14.43
11.55
11.7
8.49
10.59
11.58
10.47
11.82
11.91
15.93
17.49
24.27
25.02
18.03
19.71
23.73
17.76
13.59
13.2
19.14
26.28
33.3
40.2
42.9
41.4
26.37
28.56
26.16
22.5
15.45
11.19
15.78
22.44
26.61
26.82
28.47
30.0
25.53
19.26
22.41
21.06
18.0
16.83
16.92
16.8
17.34
19.53
15.75
19.17
15.51
22.02
29.49
33.9
31.2
18.81
15.87
16.68
15.12
10.95
9.9
16.41
23.52
15.87
12.27
14.85
13.74
16.65
24.0
20.82
14.88
20.97
23.91
16.5
14.49
13.56
13.74
15.12
19.29
25.5
20.1
17.25
19.32
19.47
19.38
20.76
23.73
24.54
23.25
18.78
25.14
17.19
11.88
18.18
20.61
11.82
15.93
17.49
23.64
15.84
14.97
16.65
22.86
21.48
20.85
16.29
14.31
14.61
21.27
28.05
24.84
26.91
27.6
21.72
23.04
30.3
29.13
20.13
18.51
20.43
20.85
20.37
23.7
28.65
21.12
16.11
17.97
23.82
16.2
20.58
11.91
10.71
9.63
14.55
17.1
18.81
15.33
19.77
19.68
18.87
24.42
31.8
31.8
20.76
21.0
20.34
12.51
14.52
13.2
15.78
20.91
13.08
16.32
23.4
24.42
21.81
19.05
20.7
16.23
16.23
21.48
20.55
27.81
28.95
18.48
10.35
9.12
13.89
14.85
21.03
25.86
18.27
14.55
10.17
13.08
15.21
10.53
13.32
17.52
18.48
17.55
17.85
19.05
17.07
21.36
27.6
24.75
19.53
16.17
12.09
16.68
16.89
14.76
16.41
23.61
28.92
29.58
23.52
18.24
15.87
15.0
19.98
27.72
25.74
24.18
15.51
19.11
15.12
16.02
20.85
28.02
25.8
22.95
28.8
26.64
18.36
21.51
20.01
13.53
15.39
22.65
24.72
26.31
29.58
25.14
21.0
17.58
24.72
23.91
28.98
28.68
21.57
14.88
19.98
27.12
26.31
17.1
19.59
20.34
27.27
34.5
27.42
26.25
24.72
30.0
32.7
23.4
29.16
20.34
16.68
22.98
29.64
37.2
36.0
37.5
23.52
24.27
17.16
14.31
10.77
16.38
16.32
14.13
14.88
15.75
12.69
13.14
19.02
26.13
24.39
20.76
20.76
25.41
30.0
27.51
25.5
19.83
15.78
21.81
28.83
29.91
24.87
28.95
36.3
27.21
23.04
14.85
13.11
18.42
24.36
18.96
11.85
14.97
11.01
13.2
15.66
19.89
18.03
18.72
13.8
9.72
14.55
16.8
10.17
13.38
17.1
20.58
20.79
20.04
15.18
16.47
21.09
11.37
17.1
20.58
20.19
21.21
22.77
24.96
25.14
30.3
37.5
41.4
37.5
36.9
26.37
18.84
13.8
11.49
15.18
18.03
19.98
23.7
28.5
23.19
17.13
16.83
20.16
22.02
24.33
25.74
19.59
23.46
20.82
15.72
19.32
19.56
24.09
18.69
12.54
16.89
13.35
13.95
9.63
15.33
21.33
25.65
24.54
15.63
16.71
16.65
10.11
10.35
15.0
21.96
15.87
10.95
11.76
17.4
24.3
25.62
18.69
12.24
13.74
11.79
12.72
19.5
26.58
26.04
17.34
21.96
28.98
36.0
39.0
29.16
26.85
15.96
11.19
12.51
14.01
17.82
19.11
19.23
22.17
28.92
19.14
23.52
17.4
22.02
21.81
27.12
28.53
28.05
26.25
23.55
18.15
16.29
21.63
27.87
16.89
17.16
13.56
18.45
15.18
18.57
25.29
32.7
39.9
35.1
38.4
20.01
20.64
19.17
19.05
20.88
23.1
27.39
21.03
18.12
25.32
32.4
20.55
13.44
15.12
18.63
24.54
20.37
21.99
29.13
32.1
31.8
37.5
27.69
21.0
22.77
19.98
12.51
11.25
14.1
14.91
17.4
20.79
23.22
18.57
15.72
13.17
15.09
12.09
17.37
17.7
21.21
16.59
22.98
25.92
11.61
13.11
11.94
17.73
19.8
25.59
24.09
18.18
15.66
18.36
17.25
14.61
8.55
6.06
8.82
8.34
12.51
13.08
12.27
10.92
17.97
24.3
31.5
28.17
25.44
21.9
17.85
17.49
14.76
20.19
21.0
16.95
13.35
14.88
12.36
14.46
18.9
16.02
13.59
15.78
13.32
15.57
22.83
25.5
16.29
16.65
18.45
23.4
20.82
21.96
26.46
25.98
25.26
28.29
26.07
22.86
30.0
33.0
23.64
17.4
20.19
19.11
18.03
18.69
19.71
20.46
11.28
17.07
17.61
21.06
23.04
27.9
18.15
15.33
13.38
19.23
26.31
25.44
20.43
17.97
13.65
15.93
14.19
15.45
11.1
10.17
14.04
15.72
16.29
14.76
21.9
28.89
33.6
30.3
23.4
17.4
19.68
16.62
15.36
19.47
20.4
19.05
24.36
18.6
21.54
17.46
9.69
12.42
15.75
18.96
16.44
11.25
13.77
20.7
27.87
23.82
16.38
25.23
21.42
14.79
20.55
16.08
14.1
10.71
17.73
24.0
25.83
20.31
27.39
26.55
28.17
22.83
22.23
23.25
22.8
14.73
15.99
15.93
9.9
13.2
16.62
18.21
16.26
11.61
11.1
18.27
14.55
18.42
17.31
11.91
9.6
16.32
15.0
16.62
20.13
12.51
17.28
24.54
31.5
29.31
25.26
19.77
21.09
28.08
19.17
11.91
16.38
13.41
10.17
15.15
22.32
28.65
25.05
23.43
30.6
32.7
23.55
11.46
16.17
17.13
21.63
22.74
27.27
33.6
22.53
20.13
13.11
14.25
20.34
15.66
14.34
12.69
10.35
13.98
11.85
17.31
18.12
19.59
21.75
22.17
19.32
18.9
13.41
18.66
19.56
14.91
13.95
17.07
17.28
23.88
30.9
20.58
17.31
21.3
12.12
11.49
17.79
9.72
13.95
15.33
15.87
19.23
13.89
12.15
18.36
18.57
17.97
23.1
29.58
26.73
16.2
9.18
8.61
12.36
11.82
10.23
12.36
13.56
13.59
20.19
19.53
21.87
22.29
18.21
21.0
25.29
15.81
10.62
12.93
15.12
15.54
15.63
11.85
11.1
13.23
18.9
11.61
8.43
12.78
16.5
19.98
27.21
34.5
39.0
30.3
24.0
14.19
10.35
15.15
15.93
23.13
29.01
26.58
26.31
26.46
21.03
12.54
12.21
14.25
20.61
20.91
17.94
18.0
18.48
11.91
18.27
18.42
20.46
13.08
16.71
17.52
17.16
23.88
20.46
17.85
12.66
9.96
9.87
15.72
16.53
23.31
29.04
19.83
19.47
18.12
15.45
16.98
13.86
14.34
11.4
13.23
10.77
14.61
15.63
8.16
14.25
16.65
21.72
26.19
18.48
24.66
18.18
11.43
13.41
6.63
11.61
13.41
15.81
14.64
17.85
17.07
14.52
15.72
21.75
28.8
36.0
37.8
28.8
30.3
22.8
16.29
10.59
14.91
21.48
20.22
18.42
13.41
12.51
13.14
11.85
12.78
13.83
12.48
14.67
19.08
14.79
21.54
28.74
24.3
23.52
30.3
30.9
18.78
16.05
16.29
21.75
19.14
19.77
24.96
23.43
17.46
15.96
20.82
16.68
13.65
20.16
19.02
18.0
25.32
22.98
21.42
23.97
16.44
14.4
14.31
18.69
23.76
17.46
16.59
20.16
15.18
10.83
9.69
13.65
21.0
19.68
16.08
18.72
19.74
19.26
16.5
23.46
22.23
23.25
17.82
15.81
11.58
14.4
18.45
20.67
27.78
31.8
32.1
19.35
21.69
22.56
21.45
28.08
31.5
23.28
13.53
11.61
16.2
18.3
16.2
16.38
16.59
17.16
11.4
11.13
14.61
18.69
22.62
23.31
21.27
20.7
17.37
24.27
22.65
19.5
11.46
15.18
22.17
29.37
35.4
29.13
19.53
19.98
16.86
16.68
21.03
15.15
10.68
12.36
18.78
26.58
26.13
17.73
21.36
23.34
25.17
14.19
10.08
9.93
16.32
17.34
22.44
21.33
19.77
20.61
25.29
23.46
13.95
16.05
21.81
20.88
14.52
14.49
14.31
10.71
14.94
12.3
12.75
11.19
9.15
13.53
16.83
12.27
13.56
13.74
14.04
16.95
19.53
15.81
16.11
16.32
22.77
18.24
19.77
26.91
24.99
26.82
15.54
19.53
13.32
13.41
11.16
12.6
14.67
17.85
17.94
20.1
23.1
30.3
37.5
32.4
15.63
11.76
11.64
18.15
16.29
17.49
13.08
19.38
19.92
13.95
12.9
11.04
16.11
19.59
15.99
20.82
21.96
21.33
23.4
21.0
20.97
12.3
10.98
9.6
10.68
17.25
24.36
17.85
14.64
13.83
13.83
13.32
17.52
14.76
19.92
19.11
19.32
25.95
33.6
32.1
17.76
18.9
21.81
13.59
13.17
10.26
13.17
19.68
19.14
26.04
19.47
12.51
11.64
8.28
11.64
13.29
10.56
12.57
17.52
24.63
31.8
30.0
22.83
22.65
27.6
28.35
15.0
11.1
17.25
12.66
18.51
25.14
27.24
19.56
19.23
18.93
22.32
15.33
11.25
17.64
17.61
17.73
22.98
30.0
22.41
24.66
31.8
28.23
13.29
18.48
13.95
12.96
19.08
20.1
25.89
28.56
21.3
27.81
31.2
20.85
19.62
21.33
17.85
17.49
23.52
20.91
20.58
21.69
13.32
14.13
15.36
18.42
20.82
23.22
22.56
14.4
8.16
15.21
22.35
19.62
13.95
20.61
27.27
30.6
17.46
17.46
15.99
19.98
20.43
25.53
18.45
14.79
15.45
22.74
26.52
19.47
24.3
23.13
29.85
34.2
26.85
19.62
25.44
22.83
12.45
13.68
15.78
21.51
16.89
19.26
11.49
11.25
17.85
25.14
25.47
12.45
14.55
19.71
20.34
27.27
27.81
15.3
10.5
7.62
11.34
18.18
24.36
31.2
13.59
10.29
9.87
12.81
19.23
11.82
10.47
16.26
22.89
29.37
22.62
10.62
9.78
10.68
17.46
16.71
13.17
16.98
14.94
13.32
17.52
21.15
19.38
19.53
17.82
15.96
18.45
19.23
25.2
33.0
29.31
27.48
31.2
31.5
32.1
20.64
22.11
17.61
18.42
21.81
22.74
27.15
26.37
20.34
14.22
17.04
17.55
10.71
8.64
9.87
16.23
16.74
17.25
17.31
18.03
20.61
17.16
9.78
13.41
15.45
13.14
18.12
24.96
24.6
24.96
16.68
16.53
14.61
12.48
13.23
13.62
8.13
12.27
17.52
18.15
18.57
23.88
27.84
23.19
22.8
16.86
22.77
21.81
18.06
14.94
13.02
15.0
18.84
22.89
12.36
9.36
16.23
16.32
21.69
15.63
15.21
16.08
13.11
11.1
11.37
15.99
22.89
18.69
16.38
19.74
25.5
21.12
17.37
22.47
19.08
14.4
11.01
14.1
16.98
20.43
19.02
19.77
15.51
14.97
13.44
11.61
8.94
10.23
17.13
23.07
22.08
24.33
20.4
24.21
22.83
20.85
14.01
14.94
13.95
14.64
19.74
17.4
14.61
14.55
16.08
16.71
18.3
11.34
14.07
12.15
13.35
19.26
17.31
13.44
14.67
19.38
19.95
24.27
22.56
21.51
22.98
20.82
16.71
23.61
27.39
18.87
16.02
17.49
16.83
19.8
21.15
21.48
11.16
16.02
22.23
15.93
15.87
17.49
21.63
26.82
24.57
21.96
20.55
17.58
15.06
18.63
20.91
22.17
17.1
21.72
22.17
24.81
16.98
13.89
17.64
19.08
20.76
21.69
22.11
10.56
9.84
9.81
13.2
16.23
13.14
11.94
10.59
15.81
12.57
14.79
14.91
19.53
21.42
18.84
17.25
17.07
12.66
17.55
15.96
11.1
12.78
16.08
11.7
18.06
22.41
16.92
18.24
13.8
15.21
15.93
15.57
14.7
16.59
13.89
15.6
16.26
16.44
16.11
14.4
15.99
14.13
16.89
18.48
25.68
27.15
22.41
14.4
12.12
14.28
15.78
16.26
18.21
17.34
17.34
21.87
24.12
26.31
27.63
19.44
20.04
22.65
15.72
7.83
10.92
17.97
19.77
22.11
18.12
14.67
21.78
25.68
16.71
11.4
13.77
15.06
19.32
16.65
21.21
20.7
15.63
9.57
14.76
19.32
20.79
27.72
33.3
16.68
14.31
18.51
20.64
27.6
25.32
22.02
25.02
25.95
19.77
15.18
17.07
15.51
21.48
18.51
15.51
11.7
16.41
23.28
29.31
14.76
13.68
20.43
27.81
34.2
31.5
31.8
21.06
12.36
11.79
11.82
12.57
10.26
7.26
7.89
12.93
14.76
18.27
17.19
14.04
20.31
24.15
21.63
19.05
10.11
12.3
17.1
22.08
18.93
21.66
19.38
10.14
11.94
17.79
14.91
18.3
25.23
32.4
38.7
35.1
39.3
24.93
18.24
20.46
20.46
19.92
17.52
19.53
23.31
20.85
12.66
8.82
12.42
19.62
19.89
18.06
24.21
19.56
17.34
12.42
15.3
22.11
28.59
23.97
24.42
29.79
23.4
22.65
18.48
21.06
17.82
19.47
18.78
18.0
21.24
20.13
18.18
13.23
12.12
9.51
9.9
15.27
16.2
15.45
17.04
13.53
14.4
14.55
16.92
18.57
18.15
10.44
11.7
14.67
11.19
14.31
20.46
20.34
27.15
31.2
17.37
10.29
15.15
17.04
23.97
31.2
30.0
22.32
16.32
22.29
17.61
13.14
13.86
15.78
14.88
16.5
23.67
29.04
16.2
13.62
20.88
14.85
19.35
25.5
20.97
23.25
21.54
15.84
20.04
20.46
13.62
18.15
22.14
21.3
21.09
25.08
19.77
17.85
24.12
30.9
27.84
22.47
10.32
11.55
9.39
15.18
20.58
16.47
14.73
18.42
17.73
15.63
17.4
17.19
16.71
18.63
24.12
31.5
29.01
24.48
15.75
17.73
18.06
17.52
18.51
24.33
18.06
17.28
22.29
23.07
26.91
29.46
17.97
14.52
14.19
21.03
24.63
25.53
32.4
30.3
21.33
16.47
13.83
16.32
23.34
30.3
33.3
23.43
20.4
11.43
13.2
12.51
18.0
17.58
17.4
24.84
24.42
18.93
18.63
24.21
13.08
7.86
13.14
15.42
22.38
29.43
30.9
27.84
21.03
15.99
14.01
14.55
19.38
26.79
26.34
16.2
13.62
7.68
8.19
8.79
10.23
14.1
15.81
15.6
21.33
28.44
35.7
35.7
18.0
21.9
19.56
14.52
20.37
18.69
18.39
25.38
24.81
14.97
20.37
27.51
25.98
22.02
23.4
25.62
19.05
22.74
24.99
27.27
28.68
21.96
21.78
19.23
25.17
31.2
15.93
13.62
16.8
14.55
15.0
18.63
15.84
18.36
25.44
26.04
29.34
33.9
32.1
38.1
35.4
28.23
27.21
21.27
16.47
20.67
25.65
14.01
17.37
13.86
8.97
10.56
13.47
16.71
12.06
13.38
14.97
15.0
14.91
18.3
19.14
23.13
22.65
11.19
10.95
13.56
13.41
7.98
6.99
8.43
14.61
16.8
13.59
15.12
14.94
14.61
22.2
23.1
26.58
19.98
22.68
22.2
18.48
15.78
16.11
18.84
13.53
20.01
17.58
10.38
10.35
12.48
19.44
26.55
27.48
21.54
23.34
15.66
12.72
18.72
25.98
31.8
19.92
10.83
13.32
16.17
16.02
12.93
17.37
24.57
26.64
24.66
25.29
26.85
17.1
19.92
18.93
10.95
15.09
21.69
20.58
24.27
14.13
18.42
23.4
15.72
16.92
19.59
14.22
13.11
16.11
17.13
22.74
23.25
22.98
20.88
18.66
14.25
21.33
28.29
27.63
19.35
15.42
21.09
11.37
12.48
11.88
12.99
14.01
15.72
18.03
16.98
15.09
18.69
19.5
23.94
25.08
26.19
22.38
22.83
25.14
19.47
17.28
17.55
17.82
24.21
23.31
11.46
12.15
17.07
19.53
19.05
16.8
20.67
20.25
18.45
13.62
9.24
15.72
17.49
19.83
14.97
21.69
24.09
26.07
25.44
29.64
30.0
30.0
24.3
19.68
23.19
30.9
37.2
26.97
17.19
15.15
15.3
20.31
24.18
25.23
26.58
23.49
25.95
22.65
20.49
21.36
26.91
29.34
21.54
21.12
25.2
17.64
18.6
15.75
21.78
18.87
19.35
27.03
33.9
24.0
24.42
19.02
15.15
17.31
18.36
15.21
15.72
22.98
29.91
30.9
32.7
23.97
11.94
13.68
17.61
19.8
24.84
18.0
17.97
13.8
17.16
24.33
21.57
16.32
14.85
14.79
15.0
18.45
15.54
16.5
11.19
18.12
15.42
14.55
19.02
20.82
18.42
16.68
23.52
26.85
25.02
11.4
14.01
20.76
19.05
15.3
15.21
17.49
24.66
28.23
15.99
20.19
26.7
16.86
16.17
23.1
30.3
30.6
27.36
16.44
15.39
22.32
29.49
32.1
26.1
21.03
15.06
18.39
22.23
16.86
22.17
21.96
18.18
13.98
17.76
16.65
10.56
9.81
9.21
15.75
20.55
15.57
13.89
10.89
17.76
24.81
25.89
20.31
26.79
24.12
30.6
24.15
17.25
14.7
16.5
15.12
8.82
13.2
15.54
21.72
15.57
21.06
17.85
12.75
14.43
11.55
11.7
8.49
10.59
11.58
10.47
11.82
11.91
15.93
17.49
24.27
25.02
18.03
19.71
23.73
17.76
13.59
13.2
19.14
26.28
33.3
40.2
42.9
41.4
26.37
28.56
26.16
22.5
15.45
11.19
15.78
22.44
26.61
26.82
28.47
30.0
25.53
19.26
22.41
21.06
18.0
16.83
16.92
16.8
17.34
19.53
15.75
19.17
15.51
22.02
29.49
33.9
31.2
18.81
15.87
16.68
15.12
10.95
9.9
16.41
23.52
15.87
12.27
14.85
13.74
16.65
24.0
20.82
14.88
20.97
23.91
16.5
14.49
13.56
13.74
15.12
19.29
25.5
20.1
17.25
19.32
19.47
19.38
20.76
23.73
24.54
23.25
18.78
25.14
17.19
11.88
18.18
20.61
11.82
15.93
17.49
23.64
15.84
14.97
16.65
22.86
21.48
20.85
16.29
14.31
14.61
21.27
28.05
24.84
26.91
27.6
21.72
23.04
30.3
29.13
20.13
18.51
20.43
20.85
20.37
23.7
28.65
21.12
16.11
17.97
23.82
16.2
20.58
11.91
10.71
9.63
14.55
17.1
18.81
15.33
19.77
19.68
18.87
24.42
31.8
31.8
20.76
21.0
20.34
12.51
14.52
13.2
15.78
20.91
13.08
16.32
23.4
24.42
21.81
19.05
20.7
16.23
16.23
21.48
20.55
27.81
28.95
18.48
10.35
9.12
13.89
14.85
21.03
25.86
18.27
14.55
10.17
13.08
15.21
10.53
13.32
17.52
18.48
17.55
17.85
19.05
17.07
21.36
27.6
24.75
19.53
16.17
12.09
16.68
16.89
14.76
16.41
23.61
28.92
29.58
23.52
18.24
15.87
15.0
19.98
27.72
25.74
24.18
15.51
19.11
15.12
16.02
20.85
28.02
25.8
22.95
28.8
26.64
18.36
21.51
20.01
13.53
15.39
22.65
24.72
26.31
29.58
25.14
21.0
17.58
24.72
23.91
28.98
28.68
21.57
14.88
19.98
27.12
26.31
17.1
19.59
20.34
27.27
34.5
27.42
26.25
24.72
30.0
32.7
23.4
29.16
20.34
16.68
22.98
29.64
37.2
36.0
37.5
23.52
24.27
17.16
14.31
10.77
16.38
16.32
14.13
14.88
15.75
12.69
13.14
19.02
26.13
24.39
20.76
20.76
25.41
30.0
27.51
25.5
19.83
15.78
21.81
28.83
29.91
24.87
28.95
36.3
27.21
23.04
14.85
13.11
18.42
24.36
18.96
11.85
14.97
11.01
13.2
15.66
19.89
18.03
18.72
13.8
9.72
14.55
16.8
10.17
13.38
17.1
20.58
20.79
20.04
15.18
16.47
21.09
11.37
17.1
20.58
20.19
21.21
22.77
24.96
25.14
30.3
37.5
41.4
37.5
36.9
26.37
18.84
13.8
11.49
15.18
18.03
19.98
23.7
28.5
23.19
17.13
16.83
20.16
22.02
24.33
25.74
19.59
23.46
20.82
15.72
19.32
19.56
24.09
18.69
12.54
16.89
13.35
13.95
9.63
15.33
21.33
25.65
24.54
15.63
16.71
16.65
10.11
10.35
15.0
21.96
15.87
10.95
11.76
17.4
24.3
25.62
18.69
12.24
13.74
11.79
12.72
19.5
26.58
26.04
17.34
21.96
28.98
36.0
39.0
29.16
26.85
15.96
11.19
12.51
14.01
17.82
19.11
19.23
22.17
28.92
19.14
23.52
17.4
22.02
21.81
27.12
28.53
28.05
26.25
23.55
18.15
16.29
21.63
27.87
16.89
17.16
13.56
18.45
15.18
18.57
25.29
32.7
39.9
35.1
38.4
20.01
20.64
19.17
19.05
20.88
23.1
27.39
21.03
18.12
25.32
32.4
20.55
13.44
15.12
18.63
24.54
20.37
21.99
29.13
32.1
31.8
37.5
27.69
21.0
22.77
19.98
12.51
11.25
14.1
14.91
17.4
20.79
23.22
18.57
15.72
13.17
15.09
12.09
17.37
17.7
21.21
16.59
22.98
25.92
11.61
13.11
11.94
17.73
19.8
25.59
24.09
18.18
15.66
18.36
17.25
14.61
8.55
6.06
8.82
8.34
12.51
13.08
12.27
10.92
17.97
24.3
31.5
28.17
25.44
21.9
17.85
17.49
14.76
20.19
21.0
16.95
13.35
14.88
12.36
14.46
18.9
16.02
13.59
15.78
13.32
15.57
22.83
25.5
16.29
16.65
18.45
23.4
20.82
21.96
26.46
25.98
25.26
28.29
26.07
22.86
30.0
33.0
23.64
17.4
20.19
19.11
18.03
18.69
19.71
20.46
11.28
17.07
17.61
21.06
23.04
27.9
18.15
15.33
13.38
19.23
26.31
25.44
20.43
17.97
13.65
15.93
14.19
15.45
11.1
10.17
14.04
15.72
16.29
14.76
21.9
28.89
33.6
30.3
23.4
17.4
19.68
16.62
15.36
19.47
20.4
19.05
24.36
18.6
21.54
17.46
9.69
12.42
15.75
18.96
16.44
11.25
13.77
20.7
27.87
23.82
16.38
13.17
12.21
18.21
25.44
17.82
11.19
17.94
13.56
18.12
25.14
19.38
20.67
16.59
11.37
13.74
12.09
11.94
18.51
13.35
13.77
10.59
12.27
10.23
12.66
16.17
21.24
17.55
16.8
21.45
21.78
20.67
18.9
20.19
21.63
23.1
26.19
26.31
27.93
23.67
11.91
11.46
11.58
14.22
13.08
9.72
13.44
18.51
13.68
11.25
15.93
22.98
23.82
16.62
16.92
14.13
18.9
19.05
15.63
18.18
20.97
18.6
18.21
15.39
10.74
12.69
16.86
15.36
20.04
20.37
12.78
14.25
18.69
20.16
23.97
21.75
12.99
11.04
18.18
25.08
20.16
17.61
20.64
19.95
17.61
17.64
18.0
12.6
18.72
25.14
15.18
13.02
14.19
18.57
25.62
29.85
13.62
12.51
17.73
25.17
32.4
22.53
25.02
24.51
20.85
23.43
21.93
15.09
12.27
13.11
19.35
19.17
25.92
33.0
30.0
24.27
19.47
21.9
28.8
36.3
25.26
14.22
15.96
13.59
15.12
15.93
16.38
15.63
21.9
27.69
21.42
17.28
15.84
23.04
19.83
14.25
12.57
15.15
16.8
17.19
18.93
18.24
12.0
14.88
16.92
16.11
10.35
16.89
24.18
21.99
21.36
22.2
20.34
14.91
12.15
12.99
16.02
17.7
13.14
17.4
17.97
10.17
10.59
17.7
24.6
22.47
16.2
14.7
15.12
21.45
20.55
19.26
25.14
32.4
30.3
11.04
13.44
18.36
17.55
15.72
19.11
23.31
23.4
23.13
21.21
20.58
18.12
17.55
15.96
14.55
12.09
15.39
15.12
13.44
16.11
16.83
18.48
16.23
13.53
17.91
24.99
31.8
29.82
31.5
15.57
14.61
15.57
21.9
20.49
21.06
18.96
17.73
18.84
13.59
8.43
14.55
21.66
22.11
23.01
10.38
13.17
12.78
16.41
14.01
17.7
20.7
22.08
20.58
22.65
13.53
18.6
25.68
29.19
29.22
23.88
17.46
19.98
19.74
18.03
18.15
21.27
19.62
21.42
28.44
25.86
31.2
26.79
10.62
12.54
11.13
10.92
10.02
10.29
16.29
13.32
13.41
17.34
18.96
26.1
32.1
35.7
31.8
13.56
7.5
8.31
11.16
15.09
16.38
16.47
16.89
16.89
23.7
24.09
20.61
26.49
29.22
30.3
20.67
21.15
22.35
19.17
20.01
22.44
13.56
15.51
14.97
19.62
25.02
23.73
28.08
26.34
17.97
16.2
15.6
11.34
12.27
19.44
25.05
16.26
16.71
21.3
21.69
24.48
24.42
22.89
22.83
20.04
14.76
9.18
15.99
20.46
21.63
18.12
13.83
11.64
15.45
17.4
19.74
20.25
22.14
15.54
18.39
21.45
22.56
18.78
17.19
18.15
19.98
18.84
11.85
13.65
16.08
20.37
17.16
16.5
17.04
20.25
23.31
21.75
22.74
28.95
27.99
22.77
21.63
14.7
13.53
15.42
17.28
18.18
20.22
27.57
29.46
23.49
20.04
19.11
14.76
12.9
12.45
10.89
15.18
15.51
12.3
12.36
19.05
26.37
22.56
16.2
14.13
11.67
17.16
20.85
22.62
26.94
23.7
21.27
12.63
12.0
17.85
20.61
17.82
17.13
24.18
19.23
12.87
16.38
14.01
12.24
18.81
14.07
18.81
14.22
19.38
14.94
18.06
20.31
25.53
26.1
29.85
27.39
26.16
27.03
27.99
21.21
11.61
16.32
23.55
22.65
11.61
16.2
21.12
18.27
18.24
15.96
16.47
15.27
12.6
14.13
17.1
19.83
17.52
18.78
21.69
17.37
16.95
15.99
16.53
10.11
9.42
15.45
16.44
23.64
22.65
18.63
18.63
21.27
12.15
18.93
21.54
21.0
22.38
22.32
13.32
10.71
10.5
12.03
12.81
11.01
10.8
14.28
21.42
28.65
30.3
25.71
20.22
14.85
19.17
26.52
25.53
25.8
15.72
16.62
18.0
19.71
22.8
28.77
20.97
25.26
25.17
14.7
21.3
18.66
9.78
16.8
23.07
18.84
21.09
28.44
27.6
24.12
15.12
18.06
12.06
13.53
11.76
12.75
18.84
14.13
17.52
19.47
25.14
31.5
23.13
25.44
26.52
20.76
19.83
26.64
29.91
17.55
20.67
20.61
27.12
33.9
36.9
29.01
24.3
23.34
15.75
16.62
18.27
25.59
29.97
18.69
20.1
20.37
18.27
14.55
16.23
21.93
23.04
28.38
27.9
30.9
27.87
34.5
40.8
25.17
22.95
28.32
29.88
26.58
19.74
18.6
23.28
28.77
28.08
34.5
26.58
23.61
19.74
17.16
22.44
23.25
25.71
23.01
12.54
14.64
12.57
13.53
12.54
13.11
15.36
21.06
14.52
21.21
25.08
19.32
24.39
17.52
15.27
16.17
17.91
20.04
11.43
18.0
24.51
21.06
20.4
15.99
14.52
11.49
13.38
19.71
24.39
11.94
13.74
20.76
25.47
11.94
13.68
16.59
20.04
26.79
21.66
13.35
15.72
22.95
29.91
36.6
31.2
25.95
11.94
11.64
15.06
14.85
15.54
13.98
13.35
14.85
18.0
10.89
6.87
9.78
12.96
13.2
16.83
20.79
23.19
16.44
15.27
15.15
13.98
11.34
13.95
17.16
19.68
26.76
23.22
12.48
17.37
17.25
11.82
18.45
25.41
21.69
19.35
19.92
23.64
24.21
23.55
20.97
24.36
25.53
29.37
17.19
18.3
25.02
23.1
21.15
28.26
27.0
22.65
20.13
14.46
16.32
19.08
20.37
20.7
15.81
16.83
13.89
14.91
13.62
16.62
21.21
12.75
12.72
14.79
17.58
14.07
18.66
23.46
24.12
30.9
38.1
29.4
25.14
25.92
23.76
26.76
26.82
23.46
24.66
19.14
20.58
21.69
22.83
29.49
34.2
31.2
28.38
11.82
16.05
15.96
16.86
20.19
17.13
22.59
21.3
23.1
24.27
20.22
15.09
18.63
20.4
17.82
11.76
11.43
16.38
23.4
23.97
19.5
24.06
21.48
18.51
21.03
21.57
18.39
25.41
27.63
19.74
21.3
23.52
16.17
15.87
18.93
17.31
18.06
9.87
12.24
16.08
18.63
23.43
23.4
19.62
20.34
27.36
30.6
16.05
14.7
16.71
21.24
23.52
18.24
9.66
7.68
14.22
21.42
28.44
28.53
31.2
36.6
34.5
16.98
13.23
13.59
9.81
11.85
12.09
10.47
16.29
21.33
18.96
17.97
16.17
21.36
17.91
20.01
20.19
13.35
15.39
18.3
19.29
25.08
28.8
27.84
21.66
13.14
14.61
16.92
17.61
20.67
12.45
12.99
13.74
19.74
19.89
13.17
14.34
17.28
19.56
15.6
18.93
26.13
30.3
23.94
20.46
19.56
22.02
21.66
22.14
14.13
18.78
14.07
13.35
18.93
19.53
26.58
24.54
20.76
20.82
24.39
18.48
14.91
17.28
14.28
13.95
15.66
14.7
18.69
25.59
33.0
30.9
22.41
16.95
22.23
20.58
17.13
14.19
20.16
19.17
20.97
13.38
17.52
24.39
31.8
37.5
23.4
21.3
28.47
16.05
12.33
18.96
18.78
18.96
22.65
14.34
11.04
9.48
11.25
12.66
17.16
18.06
23.76
18.96
16.95
22.35
19.59
17.25
12.12
14.46
17.4
20.76
16.17
19.38
16.17
13.62
14.22
21.03
26.1
23.28
23.91
25.68
28.11
34.5
31.5
25.05
24.0
23.64
20.1
14.76
11.64
9.93
15.57
22.8
23.04
26.34
17.58
12.66
18.66
25.53
30.0
30.3
25.89
22.56
16.17
15.99
14.01
20.55
22.2
13.65
10.05
13.83
11.58
9.57
10.59
13.38
14.73
10.11
13.89
14.79
19.23
20.88
26.31
17.49
11.28
13.08
15.36
19.71
25.38
20.34
17.28
17.4
22.02
21.75
25.74
24.75
27.03
19.26
19.05
25.53
23.31
16.44
17.55
14.79
14.97
21.03
17.97
19.32
20.67
23.64
22.41
18.27
10.26
15.63
22.65
29.31
21.15
14.79
17.1
15.0
13.02
13.77
15.96
10.08
15.3
16.86
19.05
12.57
8.37
9.51
7.71
8.43
9.03
10.23
15.72
21.48
17.61
20.16
20.4
26.37
14.22
12.12
15.54
8.37
12.03
19.29
26.46
26.73
29.82
28.56
14.43
13.14
17.82
17.37
17.7
21.9
22.53
27.6
26.46
27.87
29.4
30.9
17.85
18.45
21.54
18.06
7.98
13.11
13.59
14.64
17.73
16.26
18.0
16.62
12.99
12.36
12.96
12.45
18.87
20.4
15.12
17.49
19.89
17.25
15.27
22.62
29.79
34.2
22.98
25.08
26.31
24.78
14.13
14.94
21.0
28.5
25.95
16.05
22.17
20.37
19.02
17.85
14.85
11.61
13.41
9.24
12.36
19.17
20.91
17.76
22.77
21.66
24.3
21.12
16.29
22.53
19.29
14.91
15.0
14.91
9.93
16.29
18.27
16.14
16.83
21.99
21.27
21.66
15.78
17.97
18.06
11.91
18.0
20.7
23.19
30.6
25.89
17.13
23.7
10.71
13.56
20.79
27.84
35.1
30.3
21.21
20.76
24.0
31.2
36.9
32.1
21.63
25.02
23.91
26.07
23.61
19.62
14.31
11.04
13.17
19.08
19.05
20.43
24.3
26.25
26.49
24.09
22.14
14.01
12.96
15.78
14.55
16.71
13.38
13.32
13.77
20.19
25.26
17.7
23.76
15.81
19.05
15.0
21.09
28.17
26.79
8.13
10.95
10.62
17.34
14.43
8.97
15.51
20.46
21.78
18.72
17.97
25.29
32.4
37.5
27.12
18.78
20.7
24.12
23.52
15.63
13.59
15.21
14.7
16.89
24.06
18.87
20.97
22.02
17.85
15.96
17.1
15.87
11.64
13.59
15.33
17.64
14.79
19.92
22.56
18.6
16.47
16.29
21.96
23.4
28.68
27.93
23.46
22.95
20.49
14.49
12.33
11.61
14.91
9.21
11.88
8.94
12.78
19.77
26.94
27.57
21.33
18.66
15.96
13.53
10.62
8.34
10.59
12.69
18.81
18.81
25.38
32.1
28.77
17.94
17.13
14.85
16.11
22.74
29.85
28.8
12.66
11.19
6.81
10.38
11.85
16.44
18.93
16.92
12.96
19.35
15.33
17.85
25.68
22.95
20.82
19.62
12.3
13.14
20.1
27.12
34.2
35.4
17.19
12.21
19.08
25.71
30.3
29.46
29.49
21.57
18.81
20.01
27.18
34.5
26.55
19.53
24.99
30.6
22.47
25.65
31.5
33.3
26.16
19.02
14.76
21.42
23.28
17.31
18.39
25.5
31.2
31.2
26.07
16.47
17.19
21.15
27.06
22.83
17.46
19.29
14.97
21.03
12.12
11.19
13.08
16.47
18.3
23.34
23.04
20.4
26.13
27.0
22.17
17.64
12.09
11.76
16.26
23.31
29.85
25.5
22.35
18.18
20.46
20.49
27.48
32.1
22.44
18.36
17.4
15.93
10.8
15.21
18.18
15.09
11.1
14.64
12.36
12.36
12.51
11.49
13.17
14.97
17.13
14.04
11.91
16.32
19.14
14.43
18.63
21.96
18.15
17.1
17.52
13.38
7.89
7.59
13.59
20.34
22.32
21.24
18.42
22.11
25.17
16.71
16.47
15.81
14.22
11.25
14.34
16.17
21.45
19.53
19.95
15.81
9.78
12.27
15.99
22.98
30.0
37.2
26.79
14.07
14.34
15.51
19.92
13.8
14.46
20.85
20.4
20.67
18.81
16.59
14.52
15.51
14.79
17.94
25.29
24.99
19.62
19.53
19.29
23.52
23.4
30.6
28.02
25.38
15.84
14.94
21.45
15.18
12.42
16.2
23.19
28.59
25.5
22.89
18.84
18.9
20.88
27.87
25.5
15.63
12.6
17.04
23.52
23.13
20.31
19.08
19.68
24.66
27.36
25.02
21.21
21.27
20.25
19.8
26.73
18.72
23.22
20.82
20.43
27.57
34.2
20.13
15.78
16.71
18.66
18.45
25.23
26.97
21.69
17.1
13.62
18.93
26.55
33.9
35.4
31.2
21.45
19.89
17.55
17.97
17.73
9.51
14.19
19.38
17.97
16.62
20.19
25.59
15.21
11.61
12.36
14.49
11.22
9.03
13.86
20.88
22.17
25.62
28.26
16.83
14.52
20.67
21.09
26.82
30.3
20.91
26.76
21.66
15.57
17.4
16.11
15.99
16.8
16.98
17.19
8.55
12.12
15.21
22.38
27.21
23.28
10.71
13.29
13.77
15.06
18.87
16.44
18.45
14.31
14.91
10.56
9.69
14.13
15.42
20.1
21.06
26.13
23.79
12.36
9.96
10.62
14.61
11.01
10.62
14.85
21.99
28.71
25.2
20.91
11.82
12.06
16.32
8.52
12.0
19.26
26.55
23.61
21.48
22.44
15.45
12.0
15.63
14.13
11.28
15.72
17.34
22.23
22.14
28.83
30.9
32.1
38.4
33.6
17.34
15.45
19.47
20.31
26.64
24.93
30.9
38.4
45.3
29.79
15.51
12.03
13.35
9.3
11.13
14.76
16.32
13.2
12.21
14.76
15.33
19.08
20.79
18.06
17.85
24.75
29.37
25.2
16.17
15.78
16.29
17.55
14.64
14.73
17.37
24.33
30.3
28.5
25.14
12.78
17.34
19.14
18.21
19.11
13.17
16.26
17.4
16.38
15.27
22.53
21.0
17.04
13.32
20.22
27.42
26.28
25.2
15.87
13.23
20.58
20.01
17.73
17.04
9.72
8.64
9.15
14.01
11.61
15.57
17.19
24.15
21.69
19.08
9.21
6.09
6.06
11.4
17.52
18.69
13.59
13.56
19.11
26.19
24.09
25.71
19.35
24.84
20.76
14.34
16.38
16.74
19.98
21.27
23.04
17.34
17.73
24.99
27.84
17.94
19.56
26.64
26.52
16.59
14.85
20.46
20.13
23.4
21.24
15.42
21.33
21.75
18.42
18.21
11.85
13.23
13.14
11.22
16.98
18.0
14.91
17.19
24.3
24.6
20.67
24.0
23.85
23.31
22.44
21.96
14.13
12.75
14.73
15.0
13.8
10.08
11.82
18.78
23.34
22.95
21.15
18.0
15.78
20.01
22.98
18.57
12.6
8.34
7.83
10.44
10.77
9.63
11.64
17.94
25.71
30.0
29.4
26.19
30.3
26.85
25.29
27.33
14.55
18.78
19.47
25.86
15.96
11.67
15.57
14.19
13.14
12.93
14.7
15.96
22.44
27.42
18.84
18.42
12.93
18.18
25.32
23.67
20.7
20.34
19.5
16.38
21.63
16.41
9.15
11.22
9.18
12.72
18.24
20.46
23.94
23.55
20.1
23.85
24.51
31.5
28.11
19.26
21.0
10.14
7.38
8.85
13.86
19.35
16.83
17.19
15.18
7.89
10.62
10.53
15.57
21.66
29.64
25.74
23.1
21.69
17.82
19.56
19.71
25.08
28.71
20.19
18.93
16.68
18.21
24.6
20.01
22.02
26.85
18.27
9.21
12.57
14.31
12.15
18.6
24.09
18.0
9.06
11.4
15.57
16.08
13.17
13.8
7.17
8.55
15.18
22.32
21.27
18.0
14.43
16.62
14.1
13.83
20.76
23.34
17.85
24.12
16.41
22.56
30.0
28.08
24.87
15.09
14.22
21.36
28.44
35.7
33.9
23.22
23.46
20.67
20.19
26.25
18.78
14.01
16.83
16.98
13.32
16.74
15.57
14.67
17.4
24.21
26.82
20.76
14.73
11.28
15.99
17.31
16.32
16.05
21.3
27.24
25.44
31.8
29.43
20.01
10.44
12.78
19.14
26.61
29.85
25.8
25.95
33.0
32.4
28.02
31.5
33.3
32.7
22.02
14.1
17.7
18.12
24.36
22.65
29.31
27.57
20.79
20.37
11.01
10.26
7.95
12.12
16.44
18.84
20.49
17.37
24.39
20.82
15.63
12.96
15.45
22.59
27.48
18.84
22.95
12.87
15.96
13.56
19.17
26.34
23.73
23.55
27.21
24.0
18.42
21.54
24.0
12.42
11.25
12.72
15.15
16.17
23.22
14.49
15.21
22.17
21.12
9.81
15.06
16.05
23.1
16.05
11.28
16.86
18.36
20.55
15.54
16.92
13.35
12.99
12.9
12.3
19.47
24.66
18.57
17.82
22.38
22.56
29.34
25.53
17.25
11.79
17.46
17.76
18.63
19.71
13.23
12.51
19.5
22.59
15.3
14.88
17.91
16.05
14.76
11.28
9.84
16.05
16.2
14.46
11.28
8.37
10.98
15.57
13.68
18.03
22.35
17.91
14.88
16.05
12.36
17.76
17.61
16.89
24.36
27.21
27.93
31.5
21.15
19.26
15.33
14.01
19.77
11.64
13.08
12.09
12.96
19.38
22.86
23.31
18.9
14.31
21.45
25.26
18.48
20.79
16.86
15.66
16.32
21.9
12.6
14.46
18.15
17.76
16.65
16.71
12.12
14.01
14.04
8.79
10.8
17.1
20.34
15.96
22.47
21.36
19.77
19.38
18.39
24.48
19.05
21.96
23.04
16.92
13.41
12.87
14.22
13.74
18.0
14.4
16.8
18.6
14.64
15.54
12.06
11.58
17.34
24.27
22.59
21.87
24.78
24.06
24.36
26.79
14.01
9.51
15.96
22.35
24.99
27.6
34.2
36.6
18.96
16.08
19.47
17.49
14.13
19.26
18.78
18.6
21.48
20.22
11.58
17.04
17.91
23.34
19.62
14.61
15.75
20.04
15.54
21.9
16.41
20.16
20.04
25.5
31.8
20.01
26.46
27.81
23.19
21.57
18.48
23.94
20.31
15.0
14.25
19.05
15.63
15.72
20.46
23.31
17.28
17.28
15.21
17.37
24.57
31.8
25.86
22.17
21.75
21.48
27.36
24.81
17.34
21.54
25.02
19.47
16.98
16.23
13.2
16.32
16.44
18.15
25.17
20.31
13.62
8.94
13.08
20.04
25.83
10.8
14.28
12.93
12.66
14.73
14.52
14.67
10.68
7.89
8.7
11.58
13.38
17.76
22.89
16.83
19.14
16.2
21.42
27.0
25.86
26.37
21.9
21.12
19.62
12.78
16.59
23.13
24.54
19.95
27.03
21.81
22.44
25.59
25.74
19.02
11.16
14.28
18.45
19.77
24.15
22.02
14.67
16.47
16.29
20.82
28.14
25.71
13.68
16.26
17.76
13.56
17.58
24.54
27.39
24.72
25.17
29.79
29.19
29.37
26.79
14.79
14.94
19.95
27.12
34.2
25.68
25.68
33.0
32.1
24.21
26.82
20.46
22.47
19.08
16.29
17.34
16.5
18.39
17.34
17.07
17.61
14.94
14.01
16.2
18.69
22.17
17.34
16.65
14.94
21.27
15.12
19.56
14.55
14.13
16.71
13.02
12.27
13.41
15.78
16.71
18.84
19.8
12.69
19.71
19.59
10.8
8.49
9.03
15.39
13.89
9.57
12.99
20.16
22.77
19.56
7.08
7.59
10.62
14.88
13.65
16.89
15.66
12.6
16.95
13.17
15.21
13.2
19.95
14.73
15.57
18.81
19.98
16.47
16.62
14.31
13.38
17.55
22.83
13.11
11.4
12.3
9.57
16.08
21.63
15.0
21.21
15.12
19.5
19.8
15.78
15.18
17.58
18.03
23.94
23.07
27.6
17.64
15.21
17.25
23.67
31.5
28.71
28.32
27.27
22.32
17.19
8.61
9.36
12.9
14.07
14.46
21.63
19.95
19.71
14.31
15.15
18.63
20.1
16.89
17.34
15.96
16.71
13.68
12.57
16.53
13.17
16.29
19.53
15.3
15.45
18.21
25.23
32.4
29.82
27.42
31.2
28.08
25.44
27.33
22.83
23.7
17.28
14.28
10.77
13.53
20.61
27.87
29.19
26.37
23.19
24.18
31.5
38.7
35.4
31.2
26.1
23.46
20.01
19.17
16.68
8.76
11.01
16.41
20.25
16.5
12.21
12.03
14.49
13.74
18.06
19.02
17.1
13.2
13.86
20.76
19.14
16.47
14.67
15.45
13.59
20.58
21.03
18.51
25.32
15.21
12.27
17.85
22.08
14.88
15.99
14.01
13.86
7.71
10.56
16.89
22.56
16.2
18.12
17.13
17.1
21.69
16.65
16.8
12.36
16.47
23.4
19.83
8.61
9.45
14.07
16.59
13.23
15.57
22.77
18.63
21.06
26.28
25.17
25.26
16.74
17.49
14.49
9.36
12.6
17.58
24.63
27.12
21.9
18.66
18.69
24.6
19.35
20.31
14.52
15.09
12.72
12.66
16.17
20.43
10.5
10.23
13.95
18.57
14.46
15.51
20.1
18.06
16.17
14.64
9.39
12.45
14.73
17.82
18.87
16.26
14.7
17.19
20.16
14.22
15.87
22.11
15.0
21.78
27.84
25.8
24.33
17.64
15.96
18.93
24.51
23.91
30.3
34.2
19.98
15.93
13.95
21.09
28.11
34.5
30.0
22.35
13.23
9.03
13.62
15.75
21.03
19.95
14.85
19.92
26.97
34.2
32.1
36.3
22.41
15.87
13.38
20.31
16.89
19.5
19.11
14.4
13.32
11.28
9.45
11.79
18.57
22.47
23.52
30.6
31.8
22.8
28.32
16.95
13.17
18.39
14.61
14.97
16.29
14.49
21.69
25.29
26.1
32.4
29.43
29.22
30.6
23.7
17.97
22.89
14.64
14.7
16.44
22.83
20.97
18.48
19.53
25.47
14.22
12.57
17.97
25.68
26.73
28.32
25.14
23.19
22.44
19.62
22.95
23.91
13.08
13.2
8.04
14.19
17.07
21.54
24.63
24.18
23.07
23.91
19.8
21.36
19.32
15.6
21.66
16.32
11.22
15.18
17.31
24.21
20.58
16.05
7.83
10.83
15.15
12.54
12.0
18.57
18.45
18.27
16.71
23.31
17.55
12.96
11.7
17.55
24.6
31.5
27.48
18.0
23.52
23.91
23.7
23.97
22.86
24.27
16.62
18.63
20.31
24.18
16.5
11.85
19.02
19.56
17.04
23.7
30.9
38.4
33.6
37.5
24.21
29.19
36.3
30.0
27.66
28.29
30.9
33.6
25.95
28.98
21.0
15.78
17.73
23.25
12.09
17.37
17.97
16.47
13.32
17.34
24.48
29.16
30.0
25.44
24.39
11.85
15.57
22.17
26.7
16.95
11.94
18.66
23.82
23.46
22.29
27.72
29.58
18.21
8.43
9.39
11.22
12.51
15.0
17.07
15.42
13.77
13.77
10.95
13.08
15.0
16.26
17.52
17.37
18.03
16.92
18.06
14.46
15.18
22.59
29.61
27.57
29.31
29.34
32.1
22.11
28.98
31.8
26.19
23.1
24.72
8.97
8.76
8.52
11.34
14.76
17.13
18.12
18.51
21.63
20.16
19.35
18.9
12.57
19.17
14.43
10.32
12.33
17.58
22.74
16.74
23.04
30.0
31.8
33.3
28.74
25.23
24.51
26.76
17.7
23.46
20.19
21.57
28.47
35.7
42.6
36.0
20.4
14.7
14.01
13.8
14.97
20.97
21.45
21.72
16.32
12.75
12.36
13.95
13.29
18.36
19.32
14.61
16.92
13.41
12.15
19.05
21.81
17.13
23.19
27.57
20.16
24.84
27.93
20.97
18.42
18.63
25.08
22.47
12.99
15.06
13.65
8.91
7.95
13.74
15.0
22.11
25.65
24.81
20.25
17.52
17.1
20.49
20.43
25.65
27.03
22.32
17.76
16.47
17.04
12.9
11.58
9.27
13.11
19.68
15.87
16.47
14.1
20.37
27.21
31.2
16.53
15.21
22.32
25.47
20.22
21.81
17.97
16.05
21.45
19.35
11.43
15.0
13.95
16.47
19.53
17.07
21.21
28.44
27.15
16.32
22.41
29.85
28.29
24.66
14.04
15.0
21.66
22.38
17.91
18.45
15.42
13.11
15.72
14.91
19.35
23.85
10.95
13.41
10.95
15.87
16.68
17.16
17.46
16.29
21.99
21.72
20.64
26.13
33.3
40.2
47.1
42.9
23.73
29.46
18.93
21.06
22.74
26.31
20.49
21.15
20.1
15.99
15.33
22.14
23.73
18.96
26.07
33.3
30.6
20.4
12.66
16.53
15.09
16.68
13.83
9.48
11.58
16.74
23.82
22.74
22.86
18.36
17.64
24.21
18.63
15.36
20.4
17.49
14.85
21.93
29.13
29.97
28.17
19.14
20.91
17.58
15.93
14.76
11.04
12.12
19.14
23.07
19.98
15.81
16.41
16.98
16.53
21.21
20.61
27.06
22.77
21.96
21.81
15.96
19.02
17.4
17.1
15.63
18.48
23.85
23.4
18.24
20.61
22.8
25.29
17.76
15.99
17.52
21.81
29.4
28.95
16.11
20.25
13.2
16.05
23.13
23.01
20.22
20.43
22.68
16.23
14.19
15.36
15.57
22.32
21.42
27.0
23.52
16.29
21.0
19.08
19.71
26.25
24.21
26.37
21.24
16.95
16.8
24.36
23.31
29.16
30.6
32.1
34.2
33.3
35.1
33.6
32.4
31.8
22.59
18.42
19.11
26.31
24.3
26.7
22.95
16.65
19.05
19.92
21.66
21.81
24.81
14.01
13.41
12.48
15.18
15.75
18.6
15.33
16.32
21.42
20.31
25.83
18.57
20.88
14.19
13.8
6.81
11.25
16.95
13.68
12.12
15.45
22.68
30.0
36.9
34.5
8.13
7.2
8.58
10.47
14.94
21.99
26.73
23.01
21.54
21.12
14.07
13.08
10.62
12.36
17.34
13.98
12.63
15.87
22.62
24.12
27.12
26.4
15.0
17.46
15.18
13.08
11.46
13.32
18.69
25.71
33.0
27.93
21.21
23.4
24.57
27.45
23.52
17.73
11.28
11.58
18.42
20.25
23.73
30.6
26.46
24.18
31.2
30.9
25.83
29.58
21.09
24.84
28.74
15.63
14.07
13.95
21.42
18.48
19.74
26.58
20.97
22.17
20.01
15.45
16.65
12.87
10.47
15.18
20.25
16.26
10.53
17.07
23.19
16.71
18.3
18.21
19.32
19.98
17.49
17.79
24.66
28.44
27.06
21.03
16.02
22.23
19.95
19.89
17.7
14.01
19.17
12.12
14.31
15.78
12.48
16.41
14.22
9.36
14.64
18.81
20.85
27.45
22.08
21.54
16.29
14.97
20.91
22.77
26.58
29.04
15.42
21.93
22.23
25.92
19.68
18.57
22.62
29.61
23.67
19.95
18.15
11.34
10.95
13.08
14.25
18.72
21.12
20.64
10.05
11.13
17.76
24.12
22.02
14.55
10.83
15.84
18.9
16.23
14.64
19.26
20.25
26.97
22.11
21.75
18.24
16.08
14.13
14.28
13.95
14.22
21.42
23.4
19.62
19.17
17.61
10.11
10.98
11.13
14.91
20.91
11.43
15.72
17.04
22.29
25.65
19.26
25.89
26.52
26.1
17.04
13.32
13.8
10.89
10.74
16.08
13.2
13.68
12.57
19.5
26.58
33.9
41.1
36.0
30.6
25.29
18.06
23.04
30.0
35.1
34.2
32.7
32.7
26.64
25.41
25.71
26.37
18.3
25.29
32.7
21.57
13.44
20.61
25.08
22.74
15.15
15.15
18.63
20.46
27.66
30.0
21.3
21.75
14.73
14.64
13.38
14.46
16.95
21.87
28.32
26.07
24.15
22.56
18.87
17.37
17.19
22.53
19.23
21.42
23.19
19.53
17.73
24.57
24.57
29.01
25.8
22.98
21.27
19.62
25.08
13.53
10.71
10.32
11.85
10.05
14.76
21.0
23.1
26.34
19.08
11.37
9.06
15.63
17.55
21.27
19.98
15.63
17.91
18.15
18.27
19.56
14.91
15.0
20.61
16.2
11.28
15.96
19.77
15.72
17.4
19.89
14.97
19.14
18.27
19.62
24.27
22.02
15.66
15.06
7.47
8.97
14.04
11.49
18.03
25.17
26.25
16.83
15.57
16.98
19.44
26.58
26.58
20.91
14.55
16.74
10.05
16.83
23.82
21.36
20.76
25.89
23.04
19.17
21.72
26.07
25.53
28.8
18.21
13.32
14.97
20.43
13.65
16.5
13.83
14.01
16.71
11.1
16.68
21.45
12.48
16.29
12.45
12.99
16.98
12.93
14.28
20.61
27.81
34.2
34.8
21.63
16.5
12.72
17.7
17.25
14.13
16.59
23.64
21.96
20.19
19.77
22.35
17.76
15.09
7.44
8.82
11.85
13.8
12.99
10.89
12.75
14.31
18.81
16.23
19.59
13.08
12.57
10.14
17.4
24.18
21.99
14.88
20.67
16.74
14.64
11.04
9.12
14.04
20.85
20.04
18.78
15.96
14.61
15.06
13.83
8.07
7.32
11.28
18.6
19.62
23.01
16.41
16.02
11.22
11.34
10.26
14.4
12.96
17.25
20.16
18.63
22.17
29.43
30.6
26.31
20.13
26.16
25.08
30.3
28.68
24.39
25.08
15.57
18.81
11.67
9.87
13.14
17.76
25.08
27.45
27.63
21.69
11.91
11.61
15.06
14.79
10.47
9.9
8.61
15.09
20.13
21.09
21.99
25.44
30.0
25.86
21.12
23.25
22.32
19.47
13.35
15.54
17.64
18.66
25.68
32.7
37.5
27.81
30.0
26.04
24.09
20.49
17.31
19.8
21.72
12.54
15.6
12.54
15.12
22.02
24.96
24.81
24.0
22.17
24.87
26.49
30.3
22.98
20.34
25.2
23.73
15.75
17.61
16.32
13.44
14.64
19.95
23.55
18.48
16.98
24.09
27.87
22.65
12.24
16.41
17.91
13.77
19.26
16.41
11.64
13.77
20.82
28.08
22.56
19.44
20.76
12.51
12.78
17.37
20.67
13.38
12.57
13.47
19.38
17.58
13.32
13.38
13.44
13.77
13.41
16.2
18.84
17.16
21.15
15.06
16.11
18.36
10.17
7.2
9.48
13.08
15.63
13.17
14.28
13.89
14.76
17.07
19.62
18.81
25.65
32.7
40.2
35.1
29.01
32.1
24.51
25.47
19.47
11.01
13.59
11.88
15.45
15.84
15.96
18.96
15.78
21.93
26.64
17.91
12.12
10.59
15.78
17.1
21.57
20.16
27.57
26.82
12.0
9.39
13.74
12.06
16.17
20.34
21.12
20.46
12.27
12.69
14.79
21.87
24.72
26.34
21.51
21.72
21.21
23.4
21.42
21.24
26.25
25.74
32.1
18.48
18.96
26.19
26.82
19.14
16.59
18.27
10.02
15.36
22.35
20.25
19.47
18.96
15.21
9.9
15.57
9.96
13.32
13.86
20.76
25.98
17.07
15.96
18.27
21.42
15.09
10.47
14.07
18.27
15.72
18.39
22.11
18.12
14.31
11.55
17.91
17.04
17.49
20.67
13.41
9.63
14.01
20.76
17.19
13.47
20.19
17.19
15.63
18.81
21.57
18.69
23.19
22.29
20.43
27.66
25.02
14.19
13.32
16.8
23.55
22.02
21.99
15.18
18.3
25.68
31.8
30.9
17.1
12.57
17.25
18.96
20.76
24.75
30.9
25.41
24.48
25.74
28.71
31.8
23.7
28.98
28.05
16.74
20.34
22.62
26.28
20.58
12.33
9.57
16.32
20.88
22.2
19.8
17.34
20.25
12.87
14.34
18.21
15.57
18.21
13.77
20.25
27.45
32.4
22.62
24.81
22.23
18.9
21.81
22.83
15.63
13.68
12.66
13.08
16.02
14.67
14.67
16.38
19.02
21.99
15.93
20.67
21.63
14.46
18.72
16.47
16.02
16.83
15.57
11.76
18.63
17.19
12.45
19.08
20.49
23.55
19.95
14.31
14.34
9.18
13.29
14.88
15.54
17.16
21.9
29.43
36.6
26.61
20.67
24.66
20.55
17.34
17.97
15.81
13.68
10.71
16.68
13.02
17.85
13.59
14.1
14.73
14.04
17.55
15.36
14.7
16.71
14.22
14.13
15.72
18.48
20.55
20.64
19.95
14.22
14.13
18.81
25.44
33.0
34.5
13.38
14.13
20.61
23.46
18.81
10.29
9.06
15.3
22.68
22.95
21.42
13.08
13.23
18.81
22.29
22.56
15.51
21.15
11.28
8.91
15.57
19.47
11.1
9.21
13.68
16.47
13.2
14.04
11.49
14.52
17.61
24.81
28.5
28.08
16.44
13.59
17.31
18.87
14.7
9.03
11.55
15.6
18.84
15.15
15.81
22.08
27.12
26.25
28.59
23.01
18.93
21.99
24.12
30.9
31.5
24.54
23.73
20.76
11.46
6.54
5.94
8.55
13.32
15.39
13.83
14.52
20.88
20.61
20.31
13.83
13.17
13.44
14.79
17.61
9.72
15.45
20.04
15.57
21.3
27.27
24.99
24.42
10.53
17.19
24.48
26.13
27.99
25.89
24.42
21.3
25.59
25.2
11.16
14.94
15.66
15.81
22.44
29.37
22.74
14.7
13.14
15.75
15.87
16.74
12.24
14.28
21.15
28.26
29.82
24.27
16.68
10.14
13.44
15.33
15.27
15.51
11.4
12.66
19.71
25.83
27.9
22.44
25.71
19.23
15.75
13.2
18.51
24.54
23.31
23.43
18.48
18.69
25.74
27.72
20.16
15.57
15.06
14.76
19.98
17.58
17.49
17.37
17.91
24.39
24.33
13.95
9.96
11.01
8.25
12.12
14.34
15.78
20.61
27.93
27.87
22.41
16.26
15.27
18.63
18.45
10.02
16.2
16.83
11.67
12.66
13.17
15.84
20.04
19.8
25.38
21.54
16.53
19.8
24.51
19.8
23.04
13.23
14.04
17.13
21.81
19.95
17.28
20.19
27.57
25.59
28.95
25.17
22.74
15.75
22.53
23.61
24.87
22.62
13.23
9.72
12.51
14.07
18.39
19.47
19.92
18.21
24.18
31.2
35.7
30.9
21.63
27.36
29.7
20.22
20.19
26.61
33.6
22.89
14.94
11.55
13.02
10.14
13.47
13.41
13.98
10.11
16.47
17.04
16.8
23.76
22.8
27.93
22.98
22.62
27.6
13.26
19.5
26.76
27.33
21.96
20.13
27.36
28.74
25.14
13.89
21.27
19.17
9.81
12.75
12.27
18.69
19.17
25.14
25.53
28.5
20.64
20.46
17.28
15.18
17.19
20.64
20.13
26.25
24.12
23.88
19.26
26.13
33.0
30.6
30.9
30.6
24.51
23.49
12.75
11.91
15.33
17.07
17.94
25.14
32.1
33.0
31.5
29.43
27.0
21.72
16.08
10.47
14.7
13.2
14.52
12.78
14.4
21.27
24.0
18.48
19.02
17.58
24.15
29.22
28.17
32.1
23.01
21.81
18.6
18.51
21.72
15.99
14.13
18.36
16.08
19.77
12.57
14.31
16.89
20.58
25.41
15.3
15.81
12.51
18.45
19.02
21.21
18.15
15.09
15.0
16.05
11.19
10.68
15.45
12.21
17.94
15.06
12.51
14.46
10.08
11.43
13.86
14.01
14.52
21.48
28.77
25.47
16.89
16.44
16.89
