8.41
7.14
4.93
6.85
5.36
4.7
3.57
5.91
8.0
8.61
6.77
9.13
8.85
9.39
7.61
7.41
7.75
7.6
4.91
5.33
5.31
3.3
4.4
5.54
6.07
5.42
3.87
3.7
6.09
4.85
6.14
5.77
3.97
3.2
5.44
5.0
5.54
6.71
4.17
5.76
8.18
10.5
9.77
8.42
6.59
7.03
9.36
6.39
3.97
5.46
4.47
3.39
5.05
7.44
9.55
8.35
7.81
10.2
10.9
7.85
3.82
5.39
5.71
7.21
7.58
9.09
11.2
7.51
6.71
4.37
4.75
6.78
5.22
4.78
4.23
3.45
4.66
3.95
5.77
6.04
6.53
7.25
7.39
6.44
6.3
4.47
6.22
6.52
4.97
4.65
5.69
5.76
7.96
10.3
6.86
5.77
7.1
4.04
3.83
5.93
3.24
4.65
5.11
5.29
6.41
4.63
4.05
6.12
6.19
5.99
7.7
9.86
8.91
5.4
3.06
2.87
4.12
3.94
3.41
4.12
4.52
4.53
6.73
6.51
7.29
7.43
6.07
7.0
8.43
5.27
3.54
4.31
5.04
5.18
5.21
3.95
3.7
4.41
6.3
3.87
2.81
4.26
5.5
6.66
9.07
11.5
13.0
10.1
8.0
4.73
3.45
5.05
5.31
7.71
9.67
8.86
8.77
8.82
7.01
4.18
4.07
4.75
6.87
6.97
5.98
6.0
6.16
3.97
6.09
6.14
6.82
4.36
5.57
5.84
5.72
7.96
6.82
5.95
4.22
3.32
3.29
5.24
5.51
7.77
9.68
6.61
6.49
6.04
5.15
5.66
4.62
4.78
3.8
4.41
3.59
4.87
5.21
2.72
4.75
5.55
7.24
8.73
6.16
8.22
6.06
3.81
4.47
2.21
3.87
4.47
5.27
4.88
5.95
5.69
4.84
5.24
7.25
9.6
12.0
12.6
9.6
10.1
7.6
5.43
3.53
4.97
7.16
6.74
6.14
4.47
4.17
4.38
3.95
4.26
4.61
4.16
4.89
6.36
4.93
7.18
9.58
8.1
7.84
10.1
10.3
6.26
5.35
5.43
7.25
6.38
6.59
8.32
7.81
5.82
5.32
6.94
5.56
4.55
6.72
6.34
6.0
8.44
7.66
7.14
7.99
5.48
4.8
4.77
6.23
7.92
5.82
5.53
6.72
5.06
3.61
3.23
4.55
7.0
6.56
5.36
6.24
6.58
6.42
5.5
7.82
7.41
7.75
5.94
5.27
3.86
4.8
6.15
6.89
9.26
10.6
10.7
6.45
7.23
7.52
7.15
9.36
10.5
7.76
4.51
3.87
5.4
6.1
5.4
5.46
5.53
5.72
3.8
3.71
4.87
6.23
7.54
7.77
7.09
6.9
5.79
8.09
7.55
6.5
3.82
5.06
7.39
9.79
11.8
9.71
6.51
6.66
5.62
5.56
7.01
5.05
3.56
4.12
6.26
8.86
8.71
5.91
7.12
7.78
8.39
4.73
3.36
3.31
5.44
5.78
7.48
7.11
6.59
6.87
8.43
7.82
4.65
5.35
7.27
6.96
4.84
4.83
4.77
3.57
4.98
4.1
4.25
3.73
3.05
4.51
5.61
4.09
4.52
4.58
4.68
5.65
6.51
5.27
5.37
5.44
7.59
6.08
6.59
8.97
8.33
8.94
5.18
6.51
4.44
4.47
3.72
4.2
4.89
5.95
5.98
6.7
7.7
10.1
12.5
10.8
5.21
3.92
3.88
6.05
5.43
5.83
4.36
6.46
6.64
4.65
4.3
3.68
5.37
6.53
5.33
6.94
7.32
7.11
7.8
7.0
6.99
4.1
3.66
3.2
3.56
5.75
8.12
5.95
4.88
4.61
4.61
4.44
5.84
4.92
6.64
6.37
6.44
8.65
11.2
10.7
5.92
6.3
7.27
4.53
4.39
3.42
4.39
6.56
6.38
8.68
6.49
4.17
3.88
2.76
3.88
4.43
3.52
4.19
5.84
8.21
10.6
10.0
7.61
7.55
9.2
9.45
5.0
3.7
5.75
4.22
6.17
8.38
9.08
6.52
6.41
6.31
7.44
5.11
3.75
5.88
5.87
5.91
7.66
10.0
7.47
8.22
10.6
9.41
4.43
6.16
4.65
4.32
6.36
6.7
8.63
9.52
7.1
9.27
10.4
6.95
6.54
7.11
5.95
5.83
7.84
6.97
6.86
7.23
4.44
4.71
5.12
6.14
6.94
7.74
7.52
4.8
2.72
5.07
7.45
6.54
4.65
6.87
9.09
10.2
5.82
5.82
5.33
6.66
6.81
8.51
6.15
4.93
5.15
7.58
8.84
6.49
8.1
7.71
9.95
11.4
8.95
6.54
8.48
7.61
4.15
4.56
5.26
7.17
5.63
6.42
3.83
3.75
5.95
8.38
8.49
4.15
4.85
6.57
6.78
9.09
9.27
5.1
3.5
2.54
3.78
6.06
8.12
10.4
4.53
3.43
3.29
4.27
6.41
3.94
3.49
5.42
7.63
9.79
7.54
3.54
3.26
3.56
5.82
5.57
4.39
5.66
4.98
4.44
5.84
7.05
6.46
6.51
5.94
5.32
6.15
6.41
8.4
11.0
9.77
9.16
10.4
10.5
10.7
6.88
7.37
5.87
6.14
7.27
7.58
9.05
8.79
6.78
4.74
5.68
5.85
3.57
2.88
3.29
5.41
5.58
5.75
5.77
6.01
6.87
5.72
3.26
4.47
5.15
4.38
6.04
8.32
8.2
8.32
5.56
5.51
4.87
4.16
4.41
4.54
2.71
4.09
5.84
6.05
6.19
7.96
9.28
7.73
7.6
5.62
7.59
7.27
6.02
4.98
4.34
5.0
6.28
7.63
4.12
3.12
5.41
5.44
7.23
5.21
5.07
5.36
4.37
3.7
3.79
5.33
7.63
6.23
5.46
6.58
8.5
7.04
5.79
7.49
6.36
4.8
3.67
4.7
5.66
6.81
6.34
6.59
5.17
4.99
4.48
3.87
2.98
3.41
5.71
7.69
7.36
8.11
6.8
8.07
7.61
6.95
4.67
4.98
4.65
4.88
6.58
5.8
4.87
4.85
5.36
5.57
6.1
3.78
4.69
4.05
4.45
6.42
5.77
4.48
4.89
6.46
6.65
8.09
7.52
7.17
7.66
6.94
5.57
7.87
9.13
6.29
5.34
5.83
5.61
6.6
7.05
7.16
3.72
5.34
7.41
5.31
5.29
5.83
7.21
8.94
8.19
7.32
6.85
5.86
5.02
6.21
6.97
7.39
5.7
7.24
7.39
8.27
5.66
4.63
5.88
6.36
6.92
7.23
7.37
3.52
3.28
3.27
4.4
5.41
4.38
3.98
3.53
5.27
4.19
4.93
4.97
6.51
7.14
6.28
5.75
5.69
4.22
5.85
5.32
3.7
4.26
5.36
3.9
6.02
7.47
5.64
6.08
4.6
5.07
5.31
5.19
4.9
5.53
4.63
5.2
5.42
5.48
5.37
4.8
5.33
4.71
5.63
6.16
8.56
9.05
7.47
4.8
4.04
4.76
5.26
5.42
6.07
5.78
5.78
7.29
8.04
8.77
9.21
6.48
6.68
7.55
5.24
2.61
3.64
5.99
6.59
7.37
6.04
4.89
7.26
8.56
5.57
3.8
4.59
5.02
6.44
5.55
7.07
6.9
5.21
3.19
4.92
6.44
6.93
9.24
11.1
5.56
4.77
6.17
6.88
9.2
8.44
7.34
8.34
8.65
6.59
5.06
5.69
5.17
7.16
6.17
5.17
3.9
5.47
7.76
9.77
4.92
4.56
6.81
9.27
11.4
10.5
10.6
7.02
4.12
3.93
3.94
4.19
3.42
2.42
2.63
4.31
4.92
6.09
5.73
4.68
6.77
8.05
7.21
6.35
3.37
4.1
5.7
7.36
6.31
7.22
6.46
3.38
3.98
5.93
4.97
6.1
8.41
10.8
12.9
11.7
13.1
8.31
6.08
6.82
6.82
6.64
5.84
6.51
7.77
6.95
4.22
2.94
4.14
6.54
6.63
6.02
8.07
6.52
5.78
4.14
5.1
7.37
9.53
7.99
8.14
9.93
7.8
7.55
6.16
7.02
5.94
6.49
6.26
6.0
7.08
6.71
6.06
4.41
4.04
3.17
3.3
5.09
5.4
5.15
5.68
4.51
4.8
4.85
5.64
6.19
6.05
3.48
3.9
4.89
3.73
4.77
6.82
6.78
9.05
10.4
5.79
3.43
5.05
5.68
7.99
10.4
10.0
7.44
5.44
7.43
5.87
4.38
4.62
5.26
4.96
5.5
7.89
9.68
5.4
4.54
6.96
4.95
6.45
8.5
6.99
7.75
7.18
5.28
6.68
6.82
4.54
6.05
7.38
7.1
7.03
8.36
6.59
5.95
8.04
10.3
9.28
7.49
3.44
3.85
3.13
5.06
6.86
5.49
4.91
6.14
5.91
5.21
5.8
5.73
5.57
6.21
8.04
10.5
9.67
8.16
5.25
5.91
6.02
5.84
6.17
8.11
6.02
5.76
7.43
7.69
8.97
9.82
5.99
4.84
4.73
7.01
8.21
8.51
10.8
10.1
7.11
5.49
4.61
5.44
7.78
10.1
11.1
7.81
6.8
3.81
4.4
4.17
6.0
5.86
5.8
8.28
8.14
6.31
6.21
8.07
4.36
2.62
4.38
5.14
7.46
9.81
10.3
9.28
7.01
5.33
4.67
4.85
6.46
8.93
8.78
5.4
4.54
2.56
2.73
2.93
3.41
4.7
5.27
5.2
7.11
9.48
11.9
11.9
6.0
7.3
6.52
4.84
6.79
6.23
6.13
8.46
8.27
4.99
6.79
9.17
8.66
7.34
7.8
8.54
6.35
7.58
8.33
9.09
9.56
7.32
7.26
6.41
8.39
10.4
5.31
4.54
5.6
4.85
5.0
6.21
5.28
6.12
8.48
8.68
9.78
11.3
10.7
12.7
11.8
9.41
9.07
7.09
5.49
6.89
8.55
4.67
5.79
4.62
2.99
3.52
4.49
5.57
4.02
4.46
4.99
5.0
4.97
6.1
6.38
7.71
7.55
3.73
3.65
4.52
4.47
2.66
2.33
2.81
4.87
5.6
4.53
5.04
4.98
4.87
7.4
7.7
8.86
6.66
7.56
7.4
6.16
5.26
5.37
6.28
4.51
6.67
5.86
3.46
3.45
4.16
6.48
8.85
9.16
7.18
7.78
5.22
4.24
6.24
8.66
10.6
6.64
3.61
4.44
5.39
5.34
4.31
5.79
8.19
8.88
8.22
8.43
8.95
5.7
6.64
6.31
3.65
5.03
7.23
6.86
8.09
4.71
6.14
7.8
5.24
5.64
6.53
4.74
4.37
5.37
5.71
7.58
7.75
7.66
6.96
6.22
4.75
7.11
9.43
9.21
6.45
5.14
7.03
3.79
4.16
3.96
4.33
4.67
5.24
6.01
5.66
5.03
6.23
6.5
7.98
8.36
8.73
7.46
7.61
8.38
6.49
5.76
5.85
5.94
8.07
7.77
3.82
4.05
5.69
6.51
6.35
5.6
6.89
6.75
6.15
4.54
3.08
5.24
5.83
6.61
4.99
7.23
8.03
8.69
8.48
9.88
10.0
10.0
8.1
6.56
7.73
10.3
12.4
8.99
5.73
5.05
5.1
6.77
8.06
8.41
8.86
7.83
8.65
7.55
6.83
7.12
8.97
9.78
7.18
7.04
8.4
5.88
6.2
5.25
7.26
6.29
6.45
9.01
11.3
8.0
8.14
6.34
5.05
5.77
6.12
5.07
5.24
7.66
9.97
10.3
10.9
7.99
3.98
4.56
5.87
6.6
8.28
6.0
5.99
4.6
5.72
8.11
7.19
5.44
4.95
4.93
5.0
6.15
5.18
5.5
3.73
6.04
5.14
4.85
6.34
6.94
6.14
5.56
7.84
8.95
8.34
3.8
4.67
6.92
6.35
5.1
5.07
5.83
8.22
9.41
5.33
6.73
8.9
5.62
5.39
7.7
10.1
10.2
9.12
5.48
5.13
7.44
9.83
10.7
8.7
7.01
5.02
6.13
7.41
5.62
7.39
7.32
6.06
4.66
5.92
5.55
3.52
3.27
3.07
5.25
6.85
5.19
4.63
3.63
5.92
8.27
8.63
6.77
8.93
8.04
10.2
8.05
5.75
4.9
5.5
5.04
2.94
4.4
5.18
7.24
5.19
7.02
5.95
4.25
4.81
3.85
3.9
2.83
3.53
3.86
3.49
3.94
3.97
5.31
5.83
8.09
8.34
6.01
6.57
7.91
5.92
4.53
4.4
6.38
8.76
11.1
13.4
14.3
13.8
8.79
9.52
8.72
7.5
5.15
3.73
5.26
7.48
8.87
8.94
9.49
10.0
8.51
6.42
7.47
7.02
6.0
5.61
5.64
5.6
5.78
6.51
5.25
6.39
5.17
7.34
9.83
11.3
10.4
6.27
5.29
5.56
5.04
3.65
3.3
5.47
7.84
5.29
4.09
4.95
4.58
5.55
8.0
6.94
4.96
6.99
7.97
5.5
4.83
4.52
4.58
5.04
6.43
8.5
6.7
5.75
6.44
6.49
6.46
6.92
7.91
8.18
7.75
6.26
8.38
5.73
3.96
6.06
6.87
3.94
5.31
5.83
7.88
5.28
4.99
5.55
7.62
7.16
6.95
5.43
4.77
4.87
7.09
9.35
8.28
8.97
9.2
7.24
7.68
10.1
9.71
6.71
6.17
6.81
6.95
6.79
7.9
9.55
7.04
5.37
5.99
7.94
5.4
6.86
3.97
3.57
3.21
4.85
5.7
6.27
5.11
6.59
6.56
6.29
8.14
10.6
10.6
6.92
7.0
6.78
4.17
4.84
4.4
5.26
6.97
4.36
5.44
7.8
8.14
7.27
6.35
6.9
5.41
5.41
7.16
6.85
9.27
9.65
6.16
3.45
3.04
4.63
4.95
7.01
8.62
6.09
4.85
3.39
4.36
5.07
3.51
4.44
5.84
6.16
5.85
5.95
6.35
5.69
7.12
9.2
8.25
6.51
5.39
4.03
5.56
5.63
4.92
5.47
7.87
9.64
9.86
7.84
6.08
5.29
5.0
6.66
9.24
8.58
8.06
5.17
6.37
5.04
5.34
6.95
9.34
8.6
7.65
9.6
8.88
6.12
7.17
6.67
4.51
5.13
7.55
8.24
8.77
9.86
8.38
7.0
5.86
8.24
7.97
9.66
9.56
7.19
4.96
6.66
9.04
8.77
5.7
6.53
6.78
9.09
11.5
9.14
8.75
8.24
10.0
10.9
7.8
9.72
6.78
5.56
7.66
9.88
12.4
12.0
12.5
7.84
8.09
5.72
4.77
3.59
5.46
5.44
4.71
4.96
5.25
4.23
4.38
6.34
8.71
8.13
6.92
6.92
8.47
10.0
9.17
8.5
6.61
5.26
7.27
9.61
9.97
8.29
9.65
12.1
9.07
7.68
4.95
4.37
6.14
8.12
6.32
3.95
4.99
3.67
4.4
5.22
6.63
6.01
6.24
4.6
3.24
4.85
5.6
3.39
4.46
5.7
6.86
6.93
6.68
5.06
5.49
7.03
3.79
5.7
6.86
6.73
7.07
7.59
8.32
8.38
10.1
12.5
13.8
12.5
12.3
8.79
6.28
4.6
3.83
5.06
6.01
6.66
7.9
9.5
7.73
5.71
5.61
6.72
7.34
8.11
8.58
6.53
7.82
6.94
5.24
6.44
6.52
8.03
6.23
4.18
5.63
4.45
4.65
3.21
5.11
7.11
8.55
8.18
5.21
5.57
5.55
3.37
3.45
5.0
7.32
5.29
3.65
3.92
5.8
8.1
8.54
6.23
4.08
4.58
3.93
4.24
6.5
8.86
8.68
5.78
7.32
9.66
12.0
13.0
9.72
8.95
5.32
3.73
4.17
4.67
5.94
6.37
6.41
7.39
9.64
6.38
7.84
5.8
7.34
7.27
9.04
9.51
9.35
8.75
7.85
6.05
5.43
7.21
9.29
5.63
5.72
4.52
6.15
5.06
6.19
8.43
10.9
13.3
11.7
12.8
6.67
6.88
6.39
6.35
6.96
7.7
9.13
7.01
6.04
8.44
10.8
6.85
4.48
5.04
6.21
8.18
6.79
7.33
9.71
10.7
10.6
12.5
9.23
7.0
7.59
6.66
4.17
3.75
4.7
4.97
5.8
6.93
7.74
6.19
5.24
4.39
5.03
4.03
5.79
5.9
7.07
5.53
7.66
8.64
3.87
4.37
3.98
5.91
6.6
8.53
8.03
6.06
5.22
6.12
5.75
4.87
2.85
2.02
2.94
2.78
4.17
4.36
4.09
3.64
5.99
8.1
10.5
9.39
8.48
7.3
5.95
5.83
4.92
6.73
7.0
5.65
4.45
4.96
4.12
4.82
6.3
5.34
4.53
5.26
4.44
5.19
7.61
8.5
5.43
5.55
6.15
7.8
6.94
7.32
8.82
8.66
8.42
9.43
8.69
7.62
10.0
11.0
7.88
5.8
6.73
6.37
6.01
6.23
6.57
6.82
3.76
5.69
5.87
7.02
7.68
9.3
6.05
5.11
4.46
6.41
8.77
8.48
6.81
5.99
4.55
5.31
4.73
5.15
3.7
3.39
4.68
5.24
5.43
4.92
7.3
9.63
11.2
10.1
7.8
5.8
6.56
5.54
5.12
6.49
6.8
6.35
8.12
6.2
7.18
5.82
3.23
4.14
5.25
6.32
5.48
3.75
4.59
6.9
9.29
7.94
5.46
8.41
7.14
4.93
6.85
5.36
4.7
3.57
5.91
8.0
8.61
6.77
9.13
8.85
9.39
7.61
7.41
7.75
7.6
4.91
5.33
5.31
3.3
4.4
5.54
6.07
5.42
3.87
3.7
6.09
4.85
6.14
5.77
3.97
3.2
5.44
5.0
5.54
6.71
4.17
5.76
8.18
10.5
9.77
8.42
6.59
7.03
9.36
6.39
3.97
5.46
4.47
3.39
5.05
7.44
9.55
8.35
7.81
10.2
10.9
7.85
3.82
5.39
5.71
7.21
7.58
9.09
11.2
7.51
6.71
4.37
4.75
6.78
5.22
4.78
4.23
3.45
4.66
3.95
5.77
6.04
6.53
7.25
7.39
6.44
6.3
4.47
6.22
6.52
4.97
4.65
5.69
5.76
7.96
10.3
6.86
5.77
7.1
4.04
3.83
5.93
3.24
4.65
5.11
5.29
6.41
4.63
4.05
6.12
6.19
5.99
7.7
9.86
8.91
5.4
3.06
2.87
4.12
3.94
3.41
4.12
4.52
4.53
6.73
6.51
7.29
7.43
6.07
7.0
8.43
5.27
3.54
4.31
5.04
5.18
5.21
3.95
3.7
4.41
6.3
3.87
2.81
4.26
5.5
6.66
9.07
11.5
13.0
10.1
8.0
4.73
3.45
5.05
5.31
7.71
9.67
8.86
8.77
8.82
7.01
4.18
4.07
4.75
6.87
6.97
5.98
6.0
6.16
3.97
6.09
6.14
6.82
4.36
5.57
5.84
5.72
7.96
6.82
5.95
4.22
3.32
3.29
5.24
5.51
7.77
9.68
6.61
6.49
6.04
5.15
5.66
4.62
4.78
3.8
4.41
3.59
4.87
5.21
2.72
4.75
5.55
7.24
8.73
6.16
8.22
6.06
3.81
4.47
2.21
3.87
4.47
5.27
4.88
5.95
5.69
4.84
5.24
7.25
9.6
12.0
12.6
9.6
10.1
7.6
5.43
3.53
4.97
7.16
6.74
6.14
4.47
4.17
4.38
3.95
4.26
4.61
4.16
4.89
6.36
4.93
7.18
9.58
8.1
7.84
10.1
10.3
6.26
5.35
5.43
7.25
6.38
6.59
8.32
7.81
5.82
5.32
6.94
5.56
4.55
6.72
6.34
6.0
8.44
7.66
7.14
7.99
5.48
4.8
4.77
6.23
7.92
5.82
5.53
6.72
5.06
3.61
3.23
4.55
7.0
6.56
5.36
6.24
6.58
6.42
5.5
7.82
7.41
7.75
5.94
5.27
3.86
4.8
6.15
6.89
9.26
10.6
10.7
6.45
7.23
7.52
7.15
9.36
10.5
7.76
4.51
3.87
5.4
6.1
5.4
5.46
5.53
5.72
3.8
3.71
4.87
6.23
7.54
7.77
7.09
6.9
5.79
8.09
7.55
6.5
3.82
5.06
7.39
9.79
11.8
9.71
6.51
6.66
5.62
5.56
7.01
5.05
3.56
4.12
6.26
8.86
8.71
5.91
7.12
7.78
8.39
4.73
3.36
3.31
5.44
5.78
7.48
7.11
6.59
6.87
8.43
7.82
4.65
5.35
7.27
6.96
4.84
4.83
4.77
3.57
4.98
4.1
4.25
3.73
3.05
4.51
5.61
4.09
4.52
4.58
4.68
5.65
6.51
5.27
5.37
5.44
7.59
6.08
6.59
8.97
8.33
8.94
5.18
6.51
4.44
4.47
3.72
4.2
4.89
5.95
5.98
6.7
7.7
10.1
12.5
10.8
5.21
3.92
3.88
6.05
5.43
5.83
4.36
6.46
6.64
4.65
4.3
3.68
5.37
6.53
5.33
6.94
7.32
7.11
7.8
7.0
6.99
4.1
3.66
3.2
3.56
5.75
8.12
5.95
4.88
4.61
4.61
4.44
5.84
4.92
6.64
6.37
6.44
8.65
11.2
10.7
5.92
6.3
7.27
4.53
4.39
3.42
4.39
6.56
6.38
8.68
6.49
4.17
3.88
2.76
3.88
4.43
3.52
4.19
5.84
8.21
10.6
10.0
7.61
7.55
9.2
9.45
5.0
3.7
5.75
4.22
6.17
8.38
9.08
6.52
6.41
6.31
7.44
5.11
3.75
5.88
5.87
5.91
7.66
10.0
7.47
8.22
10.6
9.41
4.43
6.16
4.65
4.32
6.36
6.7
8.63
9.52
7.1
9.27
10.4
6.95
6.54
7.11
5.95
5.83
7.84
6.97
6.86
7.23
4.44
4.71
5.12
6.14
6.94
7.74
7.52
4.8
2.72
5.07
7.45
6.54
4.65
6.87
9.09
10.2
5.82
5.82
5.33
6.66
6.81
8.51
6.15
4.93
5.15
7.58
8.84
6.49
8.1
7.71
9.95
11.4
8.95
6.54
8.48
7.61
4.15
4.56
5.26
7.17
5.63
6.42
3.83
3.75
5.95
8.38
8.49
4.15
4.85
6.57
6.78
9.09
9.27
5.1
3.5
2.54
3.78
6.06
8.12
10.4
4.53
3.43
3.29
4.27
6.41
3.94
3.49
5.42
7.63
9.79
7.54
3.54
3.26
3.56
5.82
5.57
4.39
5.66
4.98
4.44
5.84
7.05
6.46
6.51
5.94
5.32
6.15
6.41
8.4
11.0
9.77
9.16
10.4
10.5
10.7
6.88
7.37
5.87
6.14
7.27
7.58
9.05
8.79
6.78
4.74
5.68
5.85
3.57
2.88
3.29
5.41
5.58
5.75
5.77
6.01
6.87
5.72
3.26
4.47
5.15
4.38
6.04
8.32
8.2
8.32
5.56
5.51
4.87
4.16
4.41
4.54
2.71
4.09
5.84
6.05
6.19
7.96
9.28
7.73
7.6
5.62
7.59
7.27
6.02
4.98
4.34
5.0
6.28
7.63
4.12
3.12
5.41
5.44
7.23
5.21
5.07
5.36
4.37
3.7
3.79
5.33
7.63
6.23
5.46
6.58
8.5
7.04
5.79
7.49
6.36
4.8
3.67
4.7
5.66
6.81
6.34
6.59
5.17
4.99
4.48
3.87
2.98
3.41
5.71
7.69
7.36
8.11
6.8
8.07
7.61
6.95
4.67
4.98
4.65
4.88
6.58
5.8
4.87
4.85
5.36
5.57
6.1
3.78
4.69
4.05
4.45
6.42
5.77
4.48
4.89
6.46
6.65
8.09
7.52
7.17
7.66
6.94
5.57
7.87
9.13
6.29
5.34
5.83
5.61
6.6
7.05
7.16
3.72
5.34
7.41
5.31
5.29
5.83
7.21
8.94
8.19
7.32
6.85
5.86
5.02
6.21
6.97
7.39
5.7
7.24
7.39
8.27
5.66
4.63
5.88
6.36
6.92
7.23
7.37
3.52
3.28
3.27
4.4
5.41
4.38
3.98
3.53
5.27
4.19
4.93
4.97
6.51
7.14
6.28
5.75
5.69
4.22
5.85
5.32
3.7
4.26
5.36
3.9
6.02
7.47
5.64
6.08
4.6
5.07
5.31
5.19
4.9
5.53
4.63
5.2
5.42
5.48
5.37
4.8
5.33
4.71
5.63
6.16
8.56
9.05
7.47
4.8
4.04
4.76
5.26
5.42
6.07
5.78
5.78
7.29
8.04
8.77
9.21
6.48
6.68
7.55
5.24
2.61
3.64
5.99
6.59
7.37
6.04
4.89
7.26
8.56
5.57
3.8
4.59
5.02
6.44
5.55
7.07
6.9
5.21
3.19
4.92
6.44
6.93
9.24
11.1
5.56
4.77
6.17
6.88
9.2
8.44
7.34
8.34
8.65
6.59
5.06
5.69
5.17
7.16
6.17
5.17
3.9
5.47
7.76
9.77
4.92
4.56
6.81
9.27
11.4
10.5
10.6
7.02
4.12
3.93
3.94
4.19
3.42
2.42
2.63
4.31
4.92
6.09
5.73
4.68
6.77
8.05
7.21
6.35
3.37
4.1
5.7
7.36
6.31
7.22
6.46
3.38
3.98
5.93
4.97
6.1
8.41
10.8
12.9
11.7
13.1
8.31
6.08
6.82
6.82
6.64
5.84
6.51
7.77
6.95
4.22
2.94
4.14
6.54
6.63
6.02
8.07
6.52
5.78
4.14
5.1
7.37
9.53
7.99
8.14
9.93
7.8
7.55
6.16
7.02
5.94
6.49
6.26
6.0
7.08
6.71
6.06
4.41
4.04
3.17
3.3
5.09
5.4
5.15
5.68
4.51
4.8
4.85
5.64
6.19
6.05
3.48
3.9
4.89
3.73
4.77
6.82
6.78
9.05
10.4
5.79
3.43
5.05
5.68
7.99
10.4
10.0
7.44
5.44
7.43
5.87
4.38
4.62
5.26
4.96
5.5
7.89
9.68
5.4
4.54
6.96
4.95
6.45
8.5
6.99
7.75
7.18
5.28
6.68
6.82
4.54
6.05
7.38
7.1
7.03
8.36
6.59
5.95
8.04
10.3
9.28
7.49
3.44
3.85
3.13
5.06
6.86
5.49
4.91
6.14
5.91
5.21
5.8
5.73
5.57
6.21
8.04
10.5
9.67
8.16
5.25
5.91
6.02
5.84
6.17
8.11
6.02
5.76
7.43
7.69
8.97
9.82
5.99
4.84
4.73
7.01
8.21
8.51
10.8
10.1
7.11
5.49
4.61
5.44
7.78
10.1
11.1
7.81
6.8
3.81
4.4
4.17
6.0
5.86
5.8
8.28
8.14
6.31
6.21
8.07
4.36
2.62
4.38
5.14
7.46
9.81
10.3
9.28
7.01
5.33
4.67
4.85
6.46
8.93
8.78
5.4
4.54
2.56
2.73
2.93
3.41
4.7
5.27
5.2
7.11
9.48
11.9
11.9
6.0
7.3
6.52
4.84
6.79
6.23
6.13
8.46
8.27
4.99
6.79
9.17
8.66
7.34
7.8
8.54
6.35
7.58
8.33
9.09
9.56
7.32
7.26
6.41
8.39
10.4
5.31
4.54
5.6
4.85
5.0
6.21
5.28
6.12
8.48
8.68
9.78
11.3
10.7
12.7
11.8
9.41
9.07
7.09
5.49
6.89
8.55
4.67
5.79
4.62
2.99
3.52
4.49
5.57
4.02
4.46
4.99
5.0
4.97
6.1
6.38
7.71
7.55
3.73
3.65
4.52
4.47
2.66
2.33
2.81
4.87
5.6
4.53
5.04
4.98
4.87
7.4
7.7
8.86
6.66
7.56
7.4
6.16
5.26
5.37
6.28
4.51
6.67
5.86
3.46
3.45
4.16
6.48
8.85
9.16
7.18
7.78
5.22
4.24
6.24
8.66
10.6
6.64
3.61
4.44
5.39
5.34
4.31
5.79
8.19
8.88
8.22
8.43
8.95
5.7
6.64
6.31
3.65
5.03
7.23
6.86
8.09
4.71
6.14
7.8
5.24
5.64
6.53
4.74
4.37
5.37
5.71
7.58
7.75
7.66
6.96
6.22
4.75
7.11
9.43
9.21
6.45
5.14
7.03
3.79
4.16
3.96
4.33
4.67
5.24
6.01
5.66
5.03
6.23
6.5
7.98
8.36
8.73
7.46
7.61
8.38
6.49
5.76
5.85
5.94
8.07
7.77
3.82
4.05
5.69
6.51
6.35
5.6
6.89
6.75
6.15
4.54
3.08
5.24
5.83
6.61
4.99
7.23
8.03
8.69
8.48
9.88
10.0
10.0
8.1
6.56
7.73
10.3
12.4
8.99
5.73
5.05
5.1
6.77
8.06
8.41
8.86
7.83
8.65
7.55
6.83
7.12
8.97
9.78
7.18
7.04
8.4
5.88
6.2
5.25
7.26
6.29
6.45
9.01
11.3
8.0
8.14
6.34
5.05
5.77
6.12
5.07
5.24
7.66
9.97
10.3
10.9
7.99
3.98
4.56
5.87
6.6
8.28
6.0
5.99
4.6
5.72
8.11
7.19
5.44
4.95
4.93
5.0
6.15
5.18
5.5
3.73
6.04
5.14
4.85
6.34
6.94
6.14
5.56
7.84
8.95
8.34
3.8
4.67
6.92
6.35
5.1
5.07
5.83
8.22
9.41
5.33
6.73
8.9
5.62
5.39
7.7
10.1
10.2
9.12
5.48
5.13
7.44
9.83
10.7
8.7
7.01
5.02
6.13
7.41
5.62
7.39
7.32
6.06
4.66
5.92
5.55
3.52
3.27
3.07
5.25
6.85
5.19
4.63
3.63
5.92
8.27
8.63
6.77
8.93
8.04
10.2
8.05
5.75
4.9
5.5
5.04
2.94
4.4
5.18
7.24
5.19
7.02
5.95
4.25
4.81
3.85
3.9
2.83
3.53
3.86
3.49
3.94
3.97
5.31
5.83
8.09
8.34
6.01
6.57
7.91
5.92
4.53
4.4
6.38
8.76
11.1
13.4
14.3
13.8
8.79
9.52
8.72
7.5
5.15
3.73
5.26
7.48
8.87
8.94
9.49
10.0
8.51
6.42
7.47
7.02
6.0
5.61
5.64
5.6
5.78
6.51
5.25
6.39
5.17
7.34
9.83
11.3
10.4
6.27
5.29
5.56
5.04
3.65
3.3
5.47
7.84
5.29
4.09
4.95
4.58
5.55
8.0
6.94
4.96
6.99
7.97
5.5
4.83
4.52
4.58
5.04
6.43
8.5
6.7
5.75
6.44
6.49
6.46
6.92
7.91
8.18
7.75
6.26
8.38
5.73
3.96
6.06
6.87
3.94
5.31
5.83
7.88
5.28
4.99
5.55
7.62
7.16
6.95
5.43
4.77
4.87
7.09
9.35
8.28
8.97
9.2
7.24
7.68
10.1
9.71
6.71
6.17
6.81
6.95
6.79
7.9
9.55
7.04
5.37
5.99
7.94
5.4
6.86
3.97
3.57
3.21
4.85
5.7
6.27
5.11
6.59
6.56
6.29
8.14
10.6
10.6
6.92
7.0
6.78
4.17
4.84
4.4
5.26
6.97
4.36
5.44
7.8
8.14
7.27
6.35
6.9
5.41
5.41
7.16
6.85
9.27
9.65
6.16
3.45
3.04
4.63
4.95
7.01
8.62
6.09
4.85
3.39
4.36
5.07
3.51
4.44
5.84
6.16
5.85
5.95
6.35
5.69
7.12
9.2
8.25
6.51
5.39
4.03
5.56
5.63
4.92
5.47
7.87
9.64
9.86
7.84
6.08
5.29
5.0
6.66
9.24
8.58
8.06
5.17
6.37
5.04
5.34
6.95
9.34
8.6
7.65
9.6
8.88
6.12
7.17
6.67
4.51
5.13
7.55
8.24
8.77
9.86
8.38
7.0
5.86
8.24
7.97
9.66
9.56
7.19
4.96
6.66
9.04
8.77
5.7
6.53
6.78
9.09
11.5
9.14
8.75
8.24
10.0
10.9
7.8
9.72
6.78
5.56
7.66
9.88
12.4
12.0
12.5
7.84
8.09
5.72
4.77
3.59
5.46
5.44
4.71
4.96
5.25
4.23
4.38
6.34
8.71
8.13
6.92
6.92
8.47
10.0
9.17
8.5
6.61
5.26
7.27
9.61
9.97
8.29
9.65
12.1
9.07
7.68
4.95
4.37
6.14
8.12
6.32
3.95
4.99
3.67
4.4
5.22
6.63
6.01
6.24
4.6
3.24
4.85
5.6
3.39
4.46
5.7
6.86
6.93
6.68
5.06
5.49
7.03
3.79
5.7
6.86
6.73
7.07
7.59
8.32
8.38
10.1
12.5
13.8
12.5
12.3
8.79
6.28
4.6
3.83
5.06
6.01
6.66
7.9
9.5
7.73
5.71
5.61
6.72
7.34
8.11
8.58
6.53
7.82
6.94
5.24
6.44
6.52
8.03
6.23
4.18
5.63
4.45
4.65
3.21
5.11
7.11
8.55
8.18
5.21
5.57
5.55
3.37
3.45
5.0
7.32
5.29
3.65
3.92
5.8
8.1
8.54
6.23
4.08
4.58
3.93
4.24
6.5
8.86
8.68
5.78
7.32
9.66
12.0
13.0
9.72
8.95
5.32
3.73
4.17
4.67
5.94
6.37
6.41
7.39
9.64
6.38
7.84
5.8
7.34
7.27
9.04
9.51
9.35
8.75
7.85
6.05
5.43
7.21
9.29
5.63
5.72
4.52
6.15
5.06
6.19
8.43
10.9
13.3
11.7
12.8
6.67
6.88
6.39
6.35
6.96
7.7
9.13
7.01
6.04
8.44
10.8
6.85
4.48
5.04
6.21
8.18
6.79
7.33
9.71
10.7
10.6
12.5
9.23
7.0
7.59
6.66
4.17
3.75
4.7
4.97
5.8
6.93
7.74
6.19
5.24
4.39
5.03
4.03
5.79
5.9
7.07
5.53
7.66
8.64
3.87
4.37
3.98
5.91
6.6
8.53
8.03
6.06
5.22
6.12
5.75
4.87
2.85
2.02
2.94
2.78
4.17
4.36
4.09
3.64
5.99
8.1
10.5
9.39
8.48
7.3
5.95
5.83
4.92
6.73
7.0
5.65
4.45
4.96
4.12
4.82
6.3
5.34
4.53
5.26
4.44
5.19
7.61
8.5
5.43
5.55
6.15
7.8
6.94
7.32
8.82
8.66
8.42
9.43
8.69
7.62
10.0
11.0
7.88
5.8
6.73
6.37
6.01
6.23
6.57
6.82
3.76
5.69
5.87
7.02
7.68
9.3
6.05
5.11
4.46
6.41
8.77
8.48
6.81
5.99
4.55
5.31
4.73
5.15
3.7
3.39
4.68
5.24
5.43
4.92
7.3
9.63
11.2
10.1
7.8
5.8
6.56
5.54
5.12
6.49
6.8
6.35
8.12
6.2
7.18
5.82
3.23
4.14
5.25
6.32
5.48
3.75
4.59
6.9
9.29
7.94
5.46
4.39
4.07
6.07
8.48
5.94
3.73
5.98
4.52
6.04
8.38
6.46
6.89
5.53
3.79
4.58
4.03
3.98
6.17
4.45
4.59
3.53
4.09
3.41
4.22
5.39
7.08
5.85
5.6
7.15
7.26
6.89
6.3
6.73
7.21
7.7
8.73
8.77
9.31
7.89
3.97
3.82
3.86
4.74
4.36
3.24
4.48
6.17
4.56
3.75
5.31
7.66
7.94
5.54
5.64
4.71
6.3
6.35
5.21
6.06
6.99
6.2
6.07
5.13
3.58
4.23
5.62
5.12
6.68
6.79
4.26
4.75
6.23
6.72
7.99
7.25
4.33
3.68
6.06
8.36
6.72
5.87
6.88
6.65
5.87
5.88
6.0
4.2
6.24
8.38
5.06
4.34
4.73
6.19
8.54
9.95
4.54
4.17
5.91
8.39
10.8
7.51
8.34
8.17
6.95
7.81
7.31
5.03
4.09
4.37
6.45
6.39
8.64
11.0
10.0
8.09
6.49
7.3
9.6
12.1
8.42
4.74
5.32
4.53
5.04
5.31
5.46
5.21
7.3
9.23
7.14
5.76
5.28
7.68
6.61
4.75
4.19
5.05
5.6
5.73
6.31
6.08
4.0
4.96
5.64
5.37
3.45
5.63
8.06
7.33
7.12
7.4
6.78
4.97
4.05
4.33
5.34
5.9
4.38
5.8
5.99
3.39
3.53
5.9
8.2
7.49
5.4
4.9
5.04
7.15
6.85
6.42
8.38
10.8
10.1
3.68
4.48
6.12
5.85
5.24
6.37
7.77
7.8
7.71
7.07
6.86
6.04
5.85
5.32
4.85
4.03
5.13
5.04
4.48
5.37
5.61
6.16
5.41
4.51
5.97
8.33
10.6
9.94
10.5
5.19
4.87
5.19
7.3
6.83
7.02
6.32
5.91
6.28
4.53
2.81
4.85
7.22
7.37
7.67
3.46
4.39
4.26
5.47
4.67
5.9
6.9
7.36
6.86
7.55
4.51
6.2
8.56
9.73
9.74
7.96
5.82
6.66
6.58
6.01
6.05
7.09
6.54
7.14
9.48
8.62
10.4
8.93
3.54
4.18
3.71
3.64
3.34
3.43
5.43
4.44
4.47
5.78
6.32
8.7
10.7
11.9
10.6
4.52
2.5
2.77
3.72
5.03
5.46
5.49
5.63
5.63
7.9
8.03
6.87
8.83
9.74
10.1
6.89
7.05
7.45
6.39
6.67
7.48
4.52
5.17
4.99
6.54
8.34
7.91
9.36
8.78
5.99
5.4
5.2
3.78
4.09
6.48
8.35
5.42
5.57
7.1
7.23
8.16
8.14
7.63
7.61
6.68
4.92
3.06
5.33
6.82
7.21
6.04
4.61
3.88
5.15
5.8
6.58
6.75
7.38
5.18
6.13
7.15
7.52
6.26
5.73
6.05
6.66
6.28
3.95
4.55
5.36
6.79
5.72
5.5
5.68
6.75
7.77
7.25
7.58
9.65
9.33
7.59
7.21
4.9
4.51
5.14
5.76
6.06
6.74
9.19
9.82
7.83
6.68
6.37
4.92
4.3
4.15
3.63
5.06
5.17
4.1
4.12
6.35
8.79
7.52
5.4
4.71
3.89
5.72
6.95
7.54
8.98
7.9
7.09
4.21
4.0
5.95
6.87
5.94
5.71
8.06
6.41
4.29
5.46
4.67
4.08
6.27
4.69
6.27
4.74
6.46
4.98
6.02
6.77
8.51
8.7
9.95
9.13
8.72
9.01
9.33
7.07
3.87
5.44
7.85
7.55
3.87
5.4
7.04
6.09
6.08
5.32
5.49
5.09
4.2
4.71
5.7
6.61
5.84
6.26
7.23
5.79
5.65
5.33
5.51
3.37
3.14
5.15
5.48
7.88
7.55
6.21
6.21
7.09
4.05
6.31
7.18
7.0
7.46
7.44
4.44
3.57
3.5
4.01
4.27
3.67
3.6
4.76
7.14
9.55
10.1
8.57
6.74
4.95
6.39
8.84
8.51
8.6
5.24
5.54
6.0
6.57
7.6
9.59
6.99
8.42
8.39
4.9
7.1
6.22
3.26
5.6
7.69
6.28
7.03
9.48
9.2
8.04
5.04
6.02
4.02
4.51
3.92
4.25
6.28
4.71
5.84
6.49
8.38
10.5
7.71
8.48
8.84
6.92
6.61
8.88
9.97
5.85
6.89
6.87
9.04
11.3
12.3
9.67
8.1
7.78
5.25
5.54
6.09
8.53
9.99
6.23
6.7
6.79
6.09
4.85
5.41
7.31
7.68
9.46
9.3
10.3
9.29
11.5
13.6
8.39
7.65
9.44
9.96
8.86
6.58
6.2
7.76
9.59
9.36
11.5
8.86
7.87
6.58
5.72
7.48
7.75
8.57
7.67
4.18
4.88
4.19
4.51
4.18
4.37
5.12
7.02
4.84
7.07
8.36
6.44
8.13
5.84
5.09
5.39
5.97
6.68
3.81
6.0
8.17
7.02
6.8
5.33
4.84
3.83
4.46
6.57
8.13
3.98
4.58
6.92
8.49
3.98
4.56
5.53
6.68
8.93
7.22
4.45
5.24
7.65
9.97
12.2
10.4
8.65
3.98
3.88
5.02
4.95
5.18
4.66
4.45
4.95
6.0
3.63
2.29
3.26
4.32
4.4
5.61
6.93
7.73
5.48
5.09
5.05
4.66
3.78
4.65
5.72
6.56
8.92
7.74
4.16
5.79
5.75
3.94
6.15
8.47
7.23
6.45
6.64
7.88
8.07
7.85
6.99
8.12
8.51
9.79
5.73
6.1
8.34
7.7
7.05
9.42
9.0
7.55
6.71
4.82
5.44
6.36
6.79
6.9
5.27
5.61
4.63
4.97
4.54
5.54
7.07
4.25
4.24
4.93
5.86
4.69
6.22
7.82
8.04
10.3
12.7
9.8
8.38
8.64
7.92
8.92
8.94
7.82
8.22
6.38
6.86
7.23
7.61
9.83
11.4
10.4
9.46
3.94
5.35
5.32
5.62
6.73
5.71
7.53
7.1
7.7
8.09
6.74
5.03
6.21
6.8
5.94
3.92
3.81
5.46
7.8
7.99
6.5
8.02
7.16
6.17
7.01
7.19
6.13
8.47
9.21
6.58
7.1
7.84
5.39
5.29
6.31
5.77
6.02
3.29
4.08
5.36
6.21
7.81
7.8
6.54
6.78
9.12
10.2
5.35
4.9
5.57
7.08
7.84
6.08
3.22
2.56
4.74
7.14
9.48
9.51
10.4
12.2
11.5
5.66
4.41
4.53
3.27
3.95
4.03
3.49
5.43
7.11
6.32
5.99
5.39
7.12
5.97
6.67
6.73
4.45
5.13
6.1
6.43
8.36
9.6
9.28
7.22
4.38
4.87
5.64
5.87
6.89
4.15
4.33
4.58
6.58
6.63
4.39
4.78
5.76
6.52
5.2
6.31
8.71
10.1
7.98
6.82
6.52
7.34
7.22
7.38
4.71
6.26
4.69
4.45
6.31
6.51
8.86
8.18
6.92
6.94
8.13
6.16
4.97
5.76
4.76
4.65
5.22
4.9
6.23
8.53
11.0
10.3
7.47
5.65
7.41
6.86
5.71
4.73
6.72
6.39
6.99
4.46
5.84
8.13
10.6
12.5
7.8
7.1
9.49
5.35
4.11
6.32
6.26
6.32
7.55
4.78
3.68
3.16
3.75
4.22
5.72
6.02
7.92
6.32
5.65
7.45
6.53
5.75
4.04
4.82
5.8
6.92
5.39
6.46
5.39
4.54
4.74
7.01
8.7
7.76
7.97
8.56
9.37
11.5
10.5
8.35
8.0
7.88
6.7
4.92
3.88
3.31
5.19
7.6
7.68
8.78
5.86
4.22
6.22
8.51
10.0
10.1
8.63
7.52
5.39
5.33
4.67
6.85
7.4
4.55
3.35
4.61
3.86
3.19
3.53
4.46
4.91
3.37
4.63
4.93
6.41
6.96
8.77
5.83
3.76
4.36
5.12
6.57
8.46
6.78
5.76
5.8
7.34
7.25
8.58
8.25
9.01
6.42
6.35
8.51
7.77
5.48
5.85
4.93
4.99
7.01
5.99
6.44
6.89
7.88
7.47
6.09
3.42
5.21
7.55
9.77
7.05
4.93
5.7
5.0
4.34
4.59
5.32
3.36
5.1
5.62
6.35
4.19
2.79
3.17
2.57
2.81
3.01
3.41
5.24
7.16
5.87
6.72
6.8
8.79
4.74
4.04
5.18
2.79
4.01
6.43
8.82
8.91
9.94
9.52
4.81
4.38
5.94
5.79
5.9
7.3
7.51
9.2
8.82
9.29
9.8
10.3
5.95
6.15
7.18
6.02
2.66
4.37
4.53
4.88
5.91
5.42
6.0
5.54
4.33
4.12
4.32
4.15
6.29
6.8
5.04
5.83
6.63
5.75
5.09
7.54
9.93
11.4
7.66
8.36
8.77
8.26
4.71
4.98
7.0
9.5
8.65
5.35
7.39
6.79
6.34
5.95
4.95
3.87
4.47
3.08
4.12
6.39
6.97
5.92
7.59
7.22
8.1
7.04
5.43
7.51
6.43
4.97
5.0
4.97
3.31
5.43
6.09
5.38
5.61
7.33
7.09
7.22
5.26
5.99
6.02
3.97
6.0
6.9
7.73
10.2
8.63
5.71
7.9
3.57
4.52
6.93
9.28
11.7
10.1
7.07
6.92
8.0
10.4
12.3
10.7
7.21
8.34
7.97
8.69
7.87
6.54
4.77
3.68
4.39
6.36
6.35
6.81
8.1
8.75
8.83
8.03
7.38
4.67
4.32
5.26
4.85
5.57
4.46
4.44
4.59
6.73
8.42
5.9
7.92
5.27
6.35
5.0
7.03
9.39
8.93
2.71
3.65
3.54
5.78
4.81
2.99
5.17
6.82
7.26
6.24
5.99
8.43
10.8
12.5
9.04
6.26
6.9
8.04
7.84
5.21
4.53
5.07
4.9
5.63
8.02
6.29
6.99
7.34
5.95
5.32
5.7
5.29
3.88
4.53
5.11
5.88
4.93
6.64
7.52
6.2
5.49
5.43
7.32
7.8
9.56
9.31
7.82
7.65
6.83
4.83
4.11
3.87
4.97
3.07
3.96
2.98
4.26
6.59
8.98
9.19
7.11
6.22
5.32
4.51
3.54
2.78
3.53
4.23
6.27
6.27
8.46
10.7
9.59
5.98
5.71
4.95
5.37
7.58
9.95
9.6
4.22
3.73
2.27
3.46
3.95
5.48
6.31
5.64
4.32
6.45
5.11
5.95
8.56
7.65
6.94
6.54
4.1
4.38
6.7
9.04
11.4
11.8
5.73
4.07
6.36
8.57
10.1
9.82
9.83
7.19
6.27
6.67
9.06
11.5
8.85
6.51
8.33
10.2
7.49
8.55
10.5
11.1
8.72
6.34
4.92
7.14
7.76
5.77
6.13
8.5
10.4
10.4
8.69
5.49
5.73
7.05
9.02
7.61
5.82
6.43
4.99
7.01
4.04
3.73
4.36
5.49
6.1
7.78
7.68
6.8
8.71
9.0
7.39
5.88
4.03
3.92
5.42
7.77
9.95
8.5
7.45
6.06
6.82
6.83
9.16
10.7
7.48
6.12
5.8
5.31
3.6
5.07
6.06
5.03
3.7
4.88
4.12
4.12
4.17
3.83
4.39
4.99
5.71
4.68
3.97
5.44
6.38
4.81
6.21
7.32
6.05
5.7
5.84
4.46
2.63
2.53
4.53
6.78
7.44
7.08
6.14
7.37
8.39
5.57
5.49
5.27
4.74
3.75
4.78
5.39
7.15
6.51
6.65
5.27
3.26
4.09
5.33
7.66
10.0
12.4
8.93
4.69
4.78
5.17
6.64
4.6
4.82
6.95
6.8
6.89
6.27
5.53
4.84
5.17
4.93
5.98
8.43
8.33
6.54
6.51
6.43
7.84
7.8
10.2
9.34
8.46
5.28
4.98
7.15
5.06
4.14
5.4
7.73
9.53
8.5
7.63
6.28
6.3
6.96
9.29
8.5
5.21
4.2
5.68
7.84
7.71
6.77
6.36
6.56
8.22
9.12
8.34
7.07
7.09
6.75
6.6
8.91
6.24
7.74
6.94
6.81
9.19
11.4
6.71
5.26
5.57
6.22
6.15
8.41
8.99
7.23
5.7
4.54
6.31
8.85
11.3
11.8
10.4
7.15
6.63
5.85
5.99
5.91
3.17
4.73
6.46
5.99
5.54
6.73
8.53
5.07
3.87
4.12
4.83
3.74
3.01
4.62
6.96
7.39
8.54
9.42
5.61
4.84
6.89
7.03
8.94
10.1
6.97
8.92
7.22
5.19
5.8
5.37
5.33
5.6
5.66
5.73
2.85
4.04
5.07
7.46
9.07
7.76
3.57
4.43
4.59
5.02
6.29
5.48
6.15
4.77
4.97
3.52
3.23
4.71
5.14
6.7
7.02
8.71
7.93
4.12
3.32
3.54
4.87
3.67
3.54
4.95
7.33
9.57
8.4
6.97
3.94
4.02
5.44
2.84
4.0
6.42
8.85
7.87
7.16
7.48
5.15
4.0
5.21
4.71
3.76
5.24
5.78
7.41
7.38
9.61
10.3
10.7
12.8
11.2
5.78
5.15
6.49
6.77
8.88
8.31
10.3
12.8
15.1
9.93
5.17
4.01
4.45
3.1
3.71
4.92
5.44
4.4
4.07
4.92
5.11
6.36
6.93
6.02
5.95
8.25
9.79
8.4
5.39
5.26
5.43
5.85
4.88
4.91
5.79
8.11
10.1
9.5
8.38
4.26
5.78
6.38
6.07
6.37
4.39
5.42
5.8
5.46
5.09
7.51
7.0
5.68
4.44
6.74
9.14
8.76
8.4
5.29
4.41
6.86
6.67
5.91
5.68
3.24
2.88
3.05
4.67
3.87
5.19
5.73
8.05
7.23
6.36
3.07
2.03
2.02
3.8
5.84
6.23
4.53
4.52
6.37
8.73
8.03
8.57
6.45
8.28
6.92
4.78
5.46
5.58
6.66
7.09
7.68
5.78
5.91
8.33
9.28
5.98
6.52
8.88
8.84
5.53
4.95
6.82
6.71
7.8
7.08
5.14
7.11
7.25
6.14
6.07
3.95
4.41
4.38
3.74
5.66
6.0
4.97
5.73
8.1
8.2
6.89
8.0
7.95
7.77
7.48
7.32
4.71
4.25
4.91
5.0
4.6
3.36
3.94
6.26
7.78
7.65
7.05
6.0
5.26
6.67
7.66
6.19
4.2
2.78
2.61
3.48
3.59
3.21
3.88
5.98
8.57
10.0
9.8
8.73
10.1
8.95
8.43
9.11
4.85
6.26
6.49
8.62
5.32
3.89
5.19
4.73
4.38
4.31
4.9
5.32
7.48
9.14
6.28
6.14
4.31
6.06
8.44
7.89
6.9
6.78
6.5
5.46
7.21
5.47
3.05
3.74
3.06
4.24
6.08
6.82
7.98
7.85
6.7
7.95
8.17
10.5
9.37
6.42
7.0
3.38
2.46
2.95
4.62
6.45
5.61
5.73
5.06
2.63
3.54
3.51
5.19
7.22
9.88
8.58
7.7
7.23
5.94
6.52
6.57
8.36
9.57
6.73
6.31
5.56
6.07
8.2
6.67
7.34
8.95
6.09
3.07
4.19
4.77
4.05
6.2
8.03
6.0
3.02
3.8
5.19
5.36
4.39
4.6
2.39
2.85
5.06
7.44
7.09
6.0
4.81
5.54
4.7
4.61
6.92
7.78
5.95
8.04
5.47
7.52
10.0
9.36
8.29
5.03
4.74
7.12
9.48
11.9
11.3
7.74
7.82
6.89
6.73
8.75
6.26
4.67
5.61
5.66
4.44
5.58
5.19
4.89
5.8
8.07
8.94
6.92
4.91
3.76
5.33
5.77
5.44
5.35
7.1
9.08
8.48
10.6
9.81
6.67
3.48
4.26
6.38
8.87
9.95
8.6
8.65
11.0
10.8
9.34
10.5
11.1
10.9
7.34
4.7
5.9
6.04
8.12
7.55
9.77
9.19
6.93
6.79
3.67
3.42
2.65
4.04
5.48
6.28
6.83
5.79
8.13
6.94
5.21
4.32
5.15
7.53
9.16
6.28
7.65
4.29
5.32
4.52
6.39
8.78
7.91
7.85
9.07
8.0
6.14
7.18
8.0
4.14
3.75
4.24
5.05
5.39
7.74
4.83
5.07
7.39
7.04
3.27
5.02
5.35
7.7
5.35
3.76
5.62
6.12
6.85
5.18
5.64
4.45
4.33
4.3
4.1
6.49
8.22
6.19
5.94
7.46
7.52
9.78
8.51
5.75
3.93
5.82
5.92
6.21
6.57
4.41
4.17
6.5
7.53
5.1
4.96
5.97
5.35
4.92
3.76
3.28
5.35
5.4
4.82
3.76
2.79
3.66
5.19
4.56
6.01
7.45
5.97
4.96
5.35
4.12
5.92
5.87
5.63
8.12
9.07
9.31
10.5
7.05
6.42
5.11
4.67
6.59
3.88
4.36
4.03
4.32
6.46
7.62
7.77
6.3
4.77
7.15
8.42
6.16
6.93
5.62
5.22
5.44
7.3
4.2
4.82
6.05
5.92
5.55
5.57
4.04
4.67
4.68
2.93
3.6
5.7
6.78
5.32
7.49
7.12
6.59
6.46
6.13
8.16
6.35
7.32
7.68
5.64
4.47
4.29
4.74
4.58
6.0
4.8
5.6
6.2
4.88
5.18
4.02
3.86
5.78
8.09
7.53
7.29
8.26
8.02
8.12
8.93
4.67
3.17
5.32
7.45
8.33
9.2
11.4
12.2
6.32
5.36
6.49
5.83
4.71
6.42
6.26
6.2
7.16
6.74
3.86
5.68
5.97
7.78
6.54
4.87
5.25
6.68
5.18
7.3
5.47
6.72
6.68
8.5
10.6
6.67
8.82
9.27
7.73
7.19
6.16
7.98
6.77
5.0
4.75
6.35
5.21
5.24
6.82
7.77
5.76
5.76
5.07
5.79
8.19
10.6
8.62
7.39
7.25
7.16
9.12
8.27
5.78
7.18
8.34
6.49
5.66
5.41
4.4
5.44
5.48
6.05
8.39
6.77
4.54
2.98
4.36
6.68
8.61
3.6
4.76
4.31
4.22
4.91
4.84
4.89
3.56
2.63
2.9
3.86
4.46
5.92
7.63
5.61
6.38
5.4
7.14
9.0
8.62
8.79
7.3
7.04
6.54
4.26
5.53
7.71
8.18
6.65
9.01
7.27
7.48
8.53
8.58
6.34
3.72
4.76
6.15
6.59
8.05
7.34
4.89
5.49
5.43
6.94
9.38
8.57
4.56
5.42
5.92
4.52
5.86
8.18
9.13
8.24
8.39
9.93
9.73
9.79
8.93
4.93
4.98
6.65
9.04
11.4
8.56
8.56
11.0
10.7
8.07
8.94
6.82
7.49
6.36
5.43
5.78
5.5
6.13
5.78
5.69
5.87
4.98
4.67
5.4
6.23
7.39
5.78
5.55
4.98
7.09
5.04
6.52
4.85
4.71
5.57
4.34
4.09
4.47
5.26
5.57
6.28
6.6
4.23
6.57
6.53
3.6
2.83
3.01
5.13
4.63
3.19
4.33
6.72
7.59
6.52
2.36
2.53
3.54
4.96
4.55
5.63
5.22
4.2
5.65
4.39
5.07
4.4
6.65
4.91
5.19
6.27
6.66
5.49
5.54
4.77
4.46
5.85
7.61
4.37
3.8
4.1
3.19
5.36
7.21
5.0
7.07
5.04
6.5
6.6
5.26
5.06
5.86
6.01
7.98
7.69
9.2
5.88
5.07
5.75
7.89
10.5
9.57
9.44
9.09
7.44
5.73
2.87
3.12
4.3
4.69
4.82
7.21
6.65
6.57
4.77
5.05
6.21
6.7
5.63
5.78
5.32
5.57
4.56
4.19
5.51
4.39
5.43
6.51
5.1
5.15
6.07
8.41
10.8
9.94
9.14
10.4
9.36
8.48
9.11
7.61
7.9
5.76
4.76
3.59
4.51
6.87
9.29
9.73
8.79
7.73
8.06
10.5
12.9
11.8
10.4
8.7
7.82
6.67
6.39
5.56
2.92
3.67
5.47
6.75
5.5
4.07
4.01
4.83
4.58
6.02
6.34
5.7
4.4
4.62
6.92
6.38
5.49
4.89
5.15
4.53
6.86
7.01
6.17
8.44
5.07
4.09
5.95
7.36
4.96
5.33
4.67
4.62
2.57
3.52
5.63
7.52
5.4
6.04
5.71
5.7
7.23
5.55
5.6
4.12
5.49
7.8
6.61
2.87
3.15
4.69
5.53
4.41
5.19
7.59
6.21
7.02
8.76
8.39
8.42
5.58
5.83
4.83
3.12
4.2
5.86
8.21
9.04
7.3
6.22
6.23
8.2
6.45
6.77
4.84
5.03
4.24
4.22
5.39
6.81
3.5
3.41
4.65
6.19
4.82
5.17
6.7
6.02
5.39
4.88
3.13
4.15
4.91
5.94
6.29
5.42
4.9
5.73
6.72
4.74
5.29
7.37
5.0
7.26
9.28
8.6
8.11
5.88
5.32
6.31
8.17
7.97
10.1
11.4
6.66
5.31
4.65
7.03
9.37
11.5
10.0
7.45
4.41
3.01
4.54
5.25
7.01
6.65
4.95
6.64
8.99
11.4
10.7
12.1
7.47
5.29
4.46
6.77
5.63
6.5
6.37
4.8
4.44
3.76
3.15
3.93
6.19
7.49
7.84
10.2
10.6
7.6
9.44
5.65
4.39
6.13
4.87
4.99
5.43
4.83
7.23
8.43
8.7
10.8
9.81
9.74
10.2
7.9
5.99
7.63
4.88
4.9
5.48
7.61
6.99
6.16
6.51
8.49
4.74
4.19
5.99
8.56
8.91
9.44
8.38
7.73
7.48
6.54
7.65
7.97
4.36
4.4
2.68
4.73
5.69
7.18
8.21
8.06
7.69
7.97
6.6
7.12
6.44
5.2
7.22
5.44
3.74
5.06
5.77
8.07
6.86
5.35
2.61
3.61
5.05
4.18
4.0
6.19
6.15
6.09
5.57
7.77
5.85
4.32
3.9
5.85
8.2
10.5
9.16
6.0
7.84
7.97
7.9
7.99
7.62
8.09
5.54
6.21
6.77
8.06
5.5
3.95
6.34
6.52
5.68
7.9
10.3
12.8
11.2
12.5
8.07
9.73
12.1
10.0
9.22
9.43
10.3
11.2
8.65
9.66
7.0
5.26
5.91
7.75
4.03
5.79
5.99
5.49
4.44
5.78
8.16
9.72
10.0
8.48
8.13
3.95
5.19
7.39
8.9
5.65
3.98
6.22
7.94
7.82
7.43
9.24
9.86
6.07
2.81
3.13
3.74
4.17
5.0
5.69
5.14
4.59
4.59
3.65
4.36
5.0
5.42
5.84
5.79
6.01
5.64
6.02
4.82
5.06
7.53
9.87
9.19
9.77
9.78
10.7
7.37
9.66
10.6
8.73
7.7
8.24
2.99
2.92
2.84
3.78
4.92
5.71
6.04
6.17
7.21
6.72
6.45
6.3
4.19
6.39
4.81
3.44
4.11
5.86
7.58
5.58
7.68
10.0
10.6
11.1
9.58
8.41
8.17
8.92
5.9
7.82
6.73
7.19
9.49
11.9
14.2
12.0
6.8
4.9
4.67
4.6
4.99
6.99
7.15
7.24
5.44
4.25
4.12
4.65
4.43
6.12
6.44
4.87
5.64
4.47
4.05
6.35
7.27
5.71
7.73
9.19
6.72
8.28
9.31
6.99
6.14
6.21
8.36
7.49
4.33
5.02
4.55
2.97
2.65
4.58
5.0
7.37
8.55
8.27
6.75
5.84
5.7
6.83
6.81
8.55
9.01
7.44
5.92
5.49
5.68
4.3
3.86
3.09
4.37
6.56
5.29
5.49
4.7
6.79
9.07
10.4
5.51
5.07
7.44
8.49
6.74
7.27
5.99
5.35
7.15
6.45
3.81
5.0
4.65
5.49
6.51
5.69
7.07
9.48
9.05
5.44
7.47
9.95
9.43
8.22
4.68
5.0
7.22
7.46
5.97
6.15
5.14
4.37
5.24
4.97
6.45
7.95
3.65
4.47
3.65
5.29
5.56
5.72
5.82
5.43
7.33
7.24
6.88
8.71
11.1
13.4
15.7
14.3
7.91
9.82
6.31
7.02
7.58
8.77
6.83
7.05
6.7
5.33
5.11
7.38
7.91
6.32
8.69
11.1
10.2
6.8
4.22
5.51
5.03
5.56
4.61
3.16
3.86
5.58
7.94
7.58
7.62
6.12
5.88
8.07
6.21
5.12
6.8
5.83
4.95
7.31
9.71
9.99
9.39
6.38
6.97
5.86
5.31
4.92
3.68
4.04
6.38
7.69
6.66
5.27
5.47
5.66
5.51
7.07
6.87
9.02
7.59
7.32
7.27
5.32
6.34
5.8
5.7
5.21
6.16
7.95
7.8
6.08
6.87
7.6
8.43
5.92
5.33
5.84
7.27
9.8
9.65
5.37
6.75
4.4
5.35
7.71
7.67
6.74
6.81
7.56
5.41
4.73
5.12
5.19
7.44
7.14
9.0
7.84
5.43
7.0
6.36
6.57
8.75
8.07
8.79
7.08
5.65
5.6
8.12
7.77
9.72
10.2
10.7
11.4
11.1
11.7
11.2
10.8
10.6
7.53
6.14
6.37
8.77
8.1
8.9
7.65
5.55
6.35
6.64
7.22
7.27
8.27
4.67
4.47
4.16
5.06
5.25
6.2
5.11
5.44
7.14
6.77
8.61
6.19
6.96
4.73
4.6
2.27
3.75
5.65
4.56
4.04
5.15
7.56
10.0
12.3
11.5
2.71
2.4
2.86
3.49
4.98
7.33
8.91
7.67
7.18
7.04
4.69
4.36
3.54
4.12
5.78
4.66
4.21
5.29
7.54
8.04
9.04
8.8
5.0
5.82
5.06
4.36
3.82
4.44
6.23
8.57
11.0
9.31
7.07
7.8
8.19
9.15
7.84
5.91
3.76
3.86
6.14
6.75
7.91
10.2
8.82
8.06
10.4
10.3
8.61
9.86
7.03
8.28
9.58
5.21
4.69
4.65
7.14
6.16
6.58
8.86
6.99
7.39
6.67
5.15
5.55
4.29
3.49
5.06
6.75
5.42
3.51
5.69
7.73
5.57
6.1
6.07
6.44
6.66
5.83
5.93
8.22
9.48
9.02
7.01
5.34
7.41
6.65
6.63
5.9
4.67
6.39
4.04
4.77
5.26
4.16
5.47
4.74
3.12
4.88
6.27
6.95
9.15
7.36
7.18
5.43
4.99
6.97
7.59
8.86
9.68
5.14
7.31
7.41
8.64
6.56
6.19
7.54
9.87
7.89
6.65
6.05
3.78
3.65
4.36
4.75
6.24
7.04
6.88
3.35
3.71
5.92
8.04
7.34
4.85
3.61
5.28
6.3
5.41
4.88
6.42
6.75
8.99
7.37
7.25
6.08
5.36
4.71
4.76
4.65
4.74
7.14
7.8
6.54
6.39
5.87
3.37
3.66
3.71
4.97
6.97
3.81
5.24
5.68
7.43
8.55
6.42
8.63
8.84
8.7
5.68
4.44
4.6
3.63
3.58
5.36
4.4
4.56
4.19
6.5
8.86
11.3
13.7
12.0
10.2
8.43
6.02
7.68
10.0
11.7
11.4
10.9
10.9
8.88
8.47
8.57
8.79
6.1
8.43
10.9
7.19
4.48
6.87
8.36
7.58
5.05
5.05
6.21
6.82
9.22
10.0
7.1
7.25
4.91
4.88
4.46
4.82
5.65
7.29
9.44
8.69
8.05
7.52
6.29
5.79
5.73
7.51
6.41
7.14
7.73
6.51
5.91
8.19
8.19
9.67
8.6
7.66
7.09
6.54
8.36
4.51
3.57
3.44
3.95
3.35
4.92
7.0
7.7
8.78
6.36
3.79
3.02
5.21
5.85
7.09
6.66
5.21
5.97
6.05
6.09
6.52
4.97
5.0
6.87
5.4
3.76
5.32
6.59
5.24
5.8
6.63
4.99
6.38
6.09
6.54
8.09
7.34
5.22
5.02
2.49
2.99
4.68
3.83
6.01
8.39
8.75
5.61
5.19
5.66
6.48
8.86
8.86
6.97
4.85
5.58
3.35
5.61
7.94
7.12
6.92
8.63
7.68
6.39
7.24
8.69
8.51
9.6
6.07
4.44
4.99
6.81
4.55
5.5
4.61
4.67
5.57
3.7
5.56
7.15
4.16
5.43
4.15
4.33
5.66
4.31
4.76
6.87
9.27
11.4
11.6
7.21
5.5
4.24
5.9
5.75
4.71
5.53
7.88
7.32
6.73
6.59
7.45
5.92
5.03
2.48
2.94
3.95
4.6
4.33
3.63
4.25
4.77
6.27
5.41
6.53
4.36
4.19
3.38
5.8
8.06
7.33
4.96
6.89
5.58
4.88
3.68
3.04
4.68
6.95
6.68
6.26
5.32
4.87
5.02
4.61
2.69
2.44
3.76
6.2
6.54
7.67
5.47
5.34
3.74
3.78
3.42
4.8
4.32
5.75
6.72
6.21
7.39
9.81
10.2
8.77
6.71
8.72
8.36
10.1
9.56
8.13
8.36
5.19
6.27
3.89
3.29
4.38
5.92
8.36
9.15
9.21
7.23
3.97
3.87
5.02
4.93
3.49
3.3
2.87
5.03
6.71
7.03
7.33
8.48
10.0
8.62
7.04
7.75
7.44
6.49
4.45
5.18
5.88
6.22
8.56
10.9
12.5
9.27
10.0
8.68
8.03
6.83
5.77
6.6
7.24
4.18
5.2
4.18
5.04
7.34
8.32
8.27
8.0
7.39
8.29
8.83
10.1
7.66
6.78
8.4
7.91
5.25
5.87
5.44
4.48
4.88
6.65
7.85
6.16
5.66
8.03
9.29
7.55
4.08
5.47
5.97
4.59
6.42
5.47
3.88
4.59
6.94
9.36
7.52
6.48
6.92
4.17
4.26
5.79
6.89
4.46
4.19
4.49
6.46
5.86
4.44
4.46
4.48
4.59
4.47
5.4
6.28
5.72
7.05
5.02
5.37
6.12
3.39
2.4
3.16
4.36
5.21
4.39
4.76
4.63
4.92
5.69
6.54
6.27
8.55
10.9
13.4
11.7
9.67
10.7
8.17
8.49
6.49
3.67
4.53
3.96
5.15
5.28
5.32
6.32
5.26
7.31
8.88
5.97
4.04
3.53
5.26
5.7
7.19
6.72
9.19
8.94
4.0
3.13
4.58
4.02
5.39
6.78
7.04
6.82
4.09
4.23
4.93
7.29
8.24
8.78
7.17
7.24
7.07
7.8
7.14
7.08
8.75
8.58
10.7
6.16
6.32
8.73
8.94
6.38
5.53
6.09
3.34
5.12
7.45
6.75
6.49
6.32
5.07
3.3
5.19
3.32
4.44
4.62
6.92
8.66
5.69
5.32
6.09
7.14
5.03
3.49
4.69
6.09
5.24
6.13
7.37
6.04
4.77
3.85
5.97
5.68
5.83
6.89
4.47
3.21
4.67
6.92
5.73
4.49
6.73
5.73
5.21
6.27
7.19
6.23
7.73
7.43
6.81
9.22
8.34
4.73
4.44
5.6
7.85
7.34
7.33
5.06
6.1
8.56
10.6
10.3
5.7
4.19
5.75
6.32
6.92
8.25
10.3
8.47
8.16
8.58
9.57
10.6
7.9
9.66
9.35
5.58
6.78
7.54
8.76
6.86
4.11
3.19
5.44
6.96
7.4
6.6
5.78
6.75
4.29
4.78
6.07
5.19
6.07
4.59
6.75
9.15
10.8
7.54
8.27
7.41
6.3
7.27
7.61
5.21
4.56
4.22
4.36
5.34
4.89
4.89
5.46
6.34
7.33
5.31
6.89
7.21
4.82
6.24
5.49
5.34
5.61
5.19
3.92
6.21
5.73
4.15
6.36
6.83
7.85
6.65
4.77
4.78
3.06
4.43
4.96
5.18
5.72
7.3
9.81
12.2
8.87
6.89
8.22
6.85
5.78
5.99
5.27
4.56
3.57
5.56
4.34
5.95
4.53
4.7
4.91
4.68
5.85
5.12
4.9
5.57
4.74
4.71
5.24
6.16
6.85
6.88
6.65
4.74
4.71
6.27
8.48
11.0
11.5
4.46
4.71
6.87
7.82
6.27
3.43
3.02
5.1
7.56
7.65
7.14
4.36
4.41
6.27
7.43
7.52
5.17
7.05
3.76
2.97
5.19
6.49
3.7
3.07
4.56
5.49
4.4
4.68
3.83
4.84
5.87
8.27
9.5
9.36
5.48
4.53
5.77
6.29
4.9
3.01
3.85
5.2
6.28
5.05
5.27
7.36
9.04
8.75
9.53
7.67
6.31
7.33
8.04
10.3
10.5
8.18
7.91
6.92
3.82
2.18
1.98
2.85
4.44
5.13
4.61
4.84
6.96
6.87
6.77
4.61
4.39
4.48
4.93
5.87
3.24
5.15
6.68
5.19
7.1
9.09
8.33
8.14
3.51
5.73
8.16
8.71
9.33
8.63
8.14
7.1
8.53
8.4
3.72
4.98
5.22
5.27
7.48
9.79
7.58
4.9
4.38
5.25
5.29
5.58
4.08
4.76
7.05
9.42
9.94
8.09
5.56
3.38
4.48
5.11
5.09
5.17
3.8
4.22
6.57
8.61
9.3
7.48
8.57
6.41
5.25
4.4
6.17
8.18
7.77
7.81
6.16
6.23
8.58
9.24
6.72
5.19
5.02
4.92
6.66
5.86
5.83
5.79
5.97
8.13
8.11
4.65
3.32
3.67
2.75
4.04
4.78
5.26
6.87
9.31
9.29
7.47
5.42
5.09
6.21
6.15
3.34
5.4
5.61
3.89
4.22
4.39
5.28
6.68
6.6
8.46
7.18
5.51
6.6
8.17
6.6
7.68
4.41
4.68
5.71
7.27
6.65
5.76
6.73
9.19
8.53
9.65
8.39
7.58
5.25
7.51
7.87
8.29
7.54
4.41
3.24
4.17
4.69
6.13
6.49
6.64
6.07
8.06
10.4
11.9
10.3
7.21
9.12
9.9
6.74
6.73
8.87
11.2
7.63
4.98
3.85
4.34
3.38
4.49
4.47
4.66
3.37
5.49
5.68
5.6
7.92
7.6
9.31
7.66
7.54
9.2
4.42
6.5
8.92
9.11
7.32
6.71
9.12
9.58
8.38
4.63
7.09
6.39
3.27
4.25
4.09
6.23
6.39
8.38
8.51
9.5
6.88
6.82
5.76
5.06
5.73
6.88
6.71
8.75
8.04
7.96
6.42
8.71
11.0
10.2
10.3
10.2
8.17
7.83
4.25
3.97
5.11
5.69
5.98
8.38
10.7
11.0
10.5
9.81
9.0
7.24
5.36
3.49
4.9
4.4
4.84
4.26
4.8
7.09
8.0
6.16
6.34
5.86
8.05
9.74
9.39
10.7
7.67
7.27
6.2
6.17
7.24
5.33
4.71
6.12
5.36
6.59
4.19
4.77
5.63
6.86
8.47
5.1
5.27
4.17
6.15
6.34
7.07
6.05
5.03
5.0
5.35
3.73
3.56
5.15
4.07
5.98
5.02
4.17
4.82
3.36
3.81
4.62
4.67
4.84
7.16
9.59
8.49
5.63
5.48
5.63
4.91
4.17
3.6
4.88
5.85
8.06
6.53
4.85
6.14
6.95
9.34
11.4
12.3
8.46
8.48
6.54
5.99
6.5
5.78
3.58
3.04
3.12
5.05
5.46
7.43
7.19
5.93
3.13
3.45
4.36
4.1
3.89
4.58
4.58
4.84
5.43
6.56
5.43
7.25
6.89
6.52
7.37
8.24
8.92
7.65
8.68
8.18
9.3
8.77
6.6
7.25
8.35
6.95
5.95
8.09
7.96
8.39
8.86
10.4
8.27
7.7
6.59
5.51
3.67
4.32
6.78
7.15
8.42
8.91
6.65
8.51
4.38
4.31
5.49
3.42
4.07
4.18
4.27
4.69
5.83
4.9
7.05
7.67
5.65
5.55
5.92
8.2
5.33
4.03
4.62
4.43
5.1
6.92
7.75
8.58
7.14
7.33
8.16
6.44
6.3
4.21
6.04
4.85
2.88
4.61
2.99
3.23
4.16
4.4
6.73
8.75
7.63
5.4
5.19
5.49
5.7
6.31
6.86
6.61
6.56
8.95
9.02
9.48
8.93
5.11
5.64
5.71
7.69
9.13
6.3
6.2
6.28
7.97
10.2
6.74
8.54
10.9
13.4
11.9
11.1
9.95
8.22
6.35
6.3
8.63
8.72
6.16
5.85
4.65
5.66
5.83
5.62
6.06
6.32
7.66
5.94
8.09
10.5
9.6
8.03
7.12
5.25
6.8
5.87
5.4
4.08
3.85
5.13
7.54
7.73
7.01
5.6
5.55
4.11
4.67
6.88
8.83
8.16
7.87
7.11
7.14
8.34
10.9
13.4
14.0
12.0
5.83
5.55
7.98
8.98
6.95
6.78
5.76
8.02
6.31
5.48
4.97
5.55
4.15
3.7
6.06
5.31
3.61
3.74
4.33
5.37
7.82
10.2
12.5
10.9
9.07
4.51
6.21
8.69
10.6
9.67
8.79
7.21
6.14
4.74
6.93
6.81
7.66
7.15
7.11
5.56
6.37
6.01
3.34
4.59
5.51
6.75
4.45
3.98
3.27
4.45
4.84
6.68
7.6
5.28
4.48
6.57
7.19
5.93
5.87
5.43
4.56
3.87
6.3
8.65
9.61
7.19
7.46
6.05
8.34
8.16
6.45
5.97
5.9
6.07
5.97
6.36
6.13
4.52
3.8
4.19
6.54
7.89
4.48
4.45
6.82
7.73
8.02
5.63
7.47
8.8
8.58
6.06
5.05
4.78
5.31
6.88
6.87
9.19
8.7
4.78
5.13
4.16
3.96
6.2
8.61
11.0
9.22
5.35
4.62
6.72
8.19
5.31
4.15
6.14
6.78
3.78
3.19
5.47
6.68
3.73
3.93
5.97
5.41
4.49
6.93
7.14
6.14
7.81
5.94
7.31
6.81
5.43
6.32
7.98
4.34
4.82
5.79
6.82
8.24
10.5
7.71
6.07
6.01
5.78
6.42
5.51
5.84
6.75
6.78
7.59
6.44
7.46
7.61
7.91
6.48
8.84
8.69
8.84
8.29
7.98
7.75
9.11
8.36
7.25
5.21
5.98
6.36
4.53
3.3
5.31
5.64
8.06
7.9
9.5
7.65
5.71
6.7
5.19
7.12
6.54
4.6
4.3
3.26
2.83
3.44
3.16
4.87
4.08
4.09
4.11
4.76
6.58
8.77
7.48
6.09
6.44
5.82
6.13
6.31
6.88
6.12
7.73
10.1
11.2
4.63
4.2
5.02
5.84
5.56
4.88
5.5
8.07
6.74
3.71
5.78
7.27
6.06
6.75
6.9
6.78
6.01
7.49
7.88
8.05
6.56
8.79
5.54
5.26
5.62
4.58
5.76
7.37
6.05
7.41
6.99
6.04
4.14
6.52
5.2
4.41
4.73
4.81
4.91
6.46
5.18
6.08
8.63
11.1
10.8
8.25
7.81
4.83
5.12
6.58
5.11
3.98
3.09
3.63
2.09
3.31
5.24
3.83
4.51
6.81
9.0
8.2
9.22
5.38
4.96
4.69
5.19
7.3
8.73
7.84
8.04
8.03
6.95
9.09
9.22
7.87
8.36
6.01
4.46
5.98
4.78
5.21
6.77
6.38
5.37
3.65
3.53
4.04
4.39
6.59
6.63
4.65
4.32
4.54
4.61
4.99
6.49
6.86
5.84
7.99
7.09
4.69
6.15
4.95
4.71
3.42
3.89
5.4
5.8
8.36
8.84
6.93
4.4
6.75
6.61
5.21
3.45
4.51
6.5
6.42
4.89
5.97
4.48
6.02
4.52
6.28
7.7
4.85
5.56
7.85
5.83
3.75
3.98
4.48
5.35
3.46
5.05
4.48
3.81
5.06
7.09
6.8
8.5
4.91
6.2
6.16
3.46
3.36
5.61
7.45
7.02
5.17
7.32
9.1
6.41
8.29
8.82
7.07
6.28
3.94
3.9
4.53
6.0
4.26
4.93
4.48
4.99
5.65
6.05
5.68
7.6
7.12
6.32
8.72
8.04
4.82
7.37
8.99
7.82
7.91
7.69
5.14
4.7
4.36
4.91
6.89
9.57
11.1
9.73
5.61
4.75
5.03
5.07
4.87
7.21
5.73
5.0
6.38
6.92
7.37
4.4
6.73
5.99
6.36
8.73
7.53
3.85
5.48
7.84
4.8
5.55
7.25
5.24
7.15
9.51
9.46
5.78
7.44
8.53
6.32
5.92
5.35
5.84
8.25
8.16
8.73
7.26
5.44
3.6
3.86
5.32
7.52
6.88
5.97
5.07
6.23
8.65
8.71
7.05
6.65
8.6
7.56
5.72
4.66
7.01
9.37
11.5
10.1
5.48
5.84
6.26
4.09
6.07
8.04
5.66
5.49
7.89
6.49
4.61
4.25
5.6
5.62
6.35
6.59
4.92
6.09
6.64
6.49
6.92
7.56
5.31
4.92
7.18
5.33
2.56
3.73
3.86
5.47
7.87
10.3
12.6
10.5
5.33
3.13
5.4
4.09
3.46
3.93
4.66
3.27
5.09
5.71
4.97
3.2
3.3
3.56
5.92
6.42
4.43
5.71
6.71
7.62
8.84
6.87
8.38
10.5
7.69
8.46
7.99
9.68
9.79
8.84
5.76
4.66
7.04
9.37
11.7
10.6
6.72
6.5
7.77
6.89
6.35
3.36
4.39
4.17
6.17
6.27
6.74
4.53
4.41
6.09
8.53
9.48
7.17
6.93
5.85
7.34
7.45
7.41
3.52
5.12
4.89
5.24
7.6
7.43
5.5
4.77
6.74
9.07
7.53
7.04
5.19
7.07
6.83
8.7
8.29
8.34
6.72
6.09
8.26
6.39
5.04
3.64
2.91
3.54
5.82
8.06
8.38
5.05
6.12
6.94
8.9
8.17
8.91
9.0
8.09
10.2
7.0
8.07
10.6
12.9
12.4
12.5
8.48
9.83
9.11
10.2
7.21
6.66
8.62
8.06
6.89
6.49
5.94
4.14
6.54
8.91
8.53
9.94
11.4
9.42
6.28
6.85
7.48
7.33
5.32
5.82
6.52
5.82
4.78
6.07
7.55
5.85
5.03
4.65
4.04
4.68
4.4
2.93
2.81
4.48
6.1
6.7
9.09
7.87
4.95
4.36
5.04
5.36
5.86
5.07
7.34
6.27
5.36
6.49
8.77
10.1
8.58
8.72
8.82
7.18
6.85
6.32
8.65
10.7
9.24
6.19
7.97
9.05
9.23
9.36
6.36
2.62
4.31
4.09
3.76
3.63
3.7
3.46
5.86
6.87
7.85
7.26
6.66
8.83
8.43
5.57
4.99
5.28
7.09
9.48
9.77
7.91
9.41
7.96
6.48
5.14
5.76
7.27
7.78
8.38
5.94
4.74
4.46
3.2
3.16
4.23
6.37
8.75
9.55
9.31
8.9
9.19
6.63
4.54
6.61
6.7
4.33
3.19
4.91
5.51
7.26
7.29
6.27
8.05
5.92
7.56
5.79
6.46
6.54
7.83
6.94
6.77
4.41
5.44
7.7
7.21
7.07
9.42
11.4
8.25
9.37
8.97
10.4
10.6
10.8
9.97
4.47
4.53
6.85
5.11
4.74
5.02
6.66
6.05
5.07
5.94
7.53
6.57
3.67
5.66
7.34
6.99
6.79
7.99
8.27
8.68
9.61
8.48
4.61
5.43
5.7
5.78
7.54
7.24
8.98
5.88
5.79
8.14
7.45
5.5
4.98
7.11
7.58
6.7
8.54
10.4
11.7
7.29
3.92
5.28
4.17
4.59
5.43
4.88
6.02
4.38
4.99
5.87
7.19
6.99
5.91
6.05
7.85
6.86
3.97
3.81
5.73
7.55
7.4
3.81
5.61
6.57
5.46
7.89
9.79
6.13
5.9
8.26
8.62
6.36
6.44
7.89
7.68
5.92
6.94
5.49
4.63
6.96
7.18
6.26
6.8
7.98
10.4
12.8
10.7
5.21
4.89
6.01
6.81
9.14
11.2
13.8
12.4
9.88
8.2
7.7
6.8
7.29
7.92
6.42
5.33
7.56
4.62
2.47
4.74
7.14
8.95
6.53
5.95
6.1
7.56
5.85
7.14
9.48
12.0
13.4
11.8
7.38
5.46
5.37
6.02
4.92
6.85
9.08
5.88
5.43
5.0
3.56
4.23
3.63
5.68
6.32
4.26
4.03
4.1
6.2
6.19
7.04
4.53
5.83
5.78
4.55
3.0
3.43
3.89
5.85
5.29
4.43
6.27
6.46
5.76
5.56
6.02
3.53
3.97
4.44
6.5
8.0
7.31
4.96
6.68
6.52
5.37
5.87
7.92
10.4
12.4
5.04
5.35
5.8
5.03
5.03
5.02
6.95
5.78
4.0
3.72
5.72
8.19
10.6
9.51
8.56
7.22
6.6
7.21
6.75
7.73
10.1
9.44
7.62
6.48
3.78
3.73
5.32
4.4
6.19
8.76
8.14
9.5
6.42
3.63
3.31
4.88
7.15
9.37
8.66
7.77
9.11
8.62
10.6
5.56
3.5
4.98
2.99
3.42
5.12
5.46
7.88
9.72
9.24
10.7
7.24
7.41
6.0
5.1
6.01
7.02
7.56
10.1
9.88
8.75
8.51
8.85
6.31
7.51
7.73
9.19
8.57
6.0
7.03
9.36
8.55
9.6
6.71
7.92
7.12
7.44
9.8
11.7
11.7
6.26
6.78
5.04
5.79
8.18
6.82
3.34
3.85
3.64
4.95
7.3
9.7
9.68
8.84
7.04
6.21
4.98
4.71
3.29
4.81
7.23
6.16
4.88
6.48
4.95
5.28
4.55
3.14
5.29
6.57
5.66
6.73
7.68
8.12
4.8
3.12
4.65
6.78
5.92
4.53
4.78
4.33
3.44
5.39
6.8
4.29
5.4
5.73
4.31
5.83
8.29
7.19
5.27
4.89
5.02
5.69
7.14
9.52
11.2
10.3
12.1
8.39
4.9
4.98
5.65
6.12
5.06
4.78
6.58
5.7
4.91
7.33
8.12
6.28
8.39
10.4
9.81
11.5
7.54
6.23
8.68
11.0
10.5
7.85
10.3
9.63
6.57
4.16
5.34
5.73
6.63
4.52
5.51
5.7
7.84
7.59
8.07
6.82
7.83
7.62
8.28
5.65
4.55
6.48
8.93
8.61
7.26
8.33
6.45
7.37
3.71
4.02
4.34
5.46
6.5
5.78
5.02
3.78
5.55
5.33
5.53
7.91
8.21
8.84
6.86
5.49
5.57
4.1
4.12
6.42
6.0
6.08
7.62
7.23
7.22
8.64
8.29
8.95
6.9
5.35
6.71
7.95
8.35
10.3
9.77
11.5
13.8
14.0
12.9
9.45
6.57
5.37
6.87
5.66
4.62
6.16
6.68
8.36
6.66
7.23
6.9
6.7
9.07
8.55
6.17
7.55
9.97
12.3
14.7
15.7
9.52
11.9
10.7
5.91
5.69
5.63
7.38
7.3
9.55
11.9
8.14
6.58
7.68
5.69
5.84
5.69
5.9
7.11
7.48
7.3
8.65
8.8
9.93
12.2
13.7
5.27
4.1
4.91
6.51
6.7
5.98
4.31
4.26
4.93
7.25
7.03
4.91
4.87
5.86
6.1
4.48
6.05
4.62
4.29
4.47
3.87
3.58
5.58
6.24
4.88
3.57
4.53
6.53
7.05
8.93
11.4
9.74
6.39
4.01
6.14
7.94
7.68
8.88
7.83
8.43
7.59
5.21
5.11
6.93
7.16
5.98
6.32
5.25
4.1
3.22
3.61
5.86
6.21
6.92
4.0
5.78
8.16
6.29
3.52
3.86
3.7
2.93
3.02
4.83
7.17
7.73
5.84
6.29
5.56
5.94
5.06
5.76
8.09
7.21
6.82
8.34
8.28
6.29
3.65
5.42
4.31
6.14
7.09
6.58
5.68
3.71
5.62
7.77
6.85
6.75
7.32
6.87
4.45
3.88
3.87
4.07
4.1
4.43
4.67
4.3
4.88
4.54
3.42
3.94
3.71
3.24
4.49
4.45
5.21
5.47
6.13
7.65
9.93
10.0
7.8
7.21
6.71
8.43
7.73
9.07
7.21
5.88
4.52
5.91
8.28
6.92
4.05
3.89
4.39
6.21
7.07
3.39
5.12
6.34
6.93
6.3
4.98
6.53
7.16
7.76
6.38
7.24
7.1
6.26
6.05
4.68
5.93
4.08
4.43
4.98
5.33
5.65
4.62
2.99
4.41
4.08
4.48
6.08
7.98
6.32
5.35
7.69
10.1
11.9
13.1
7.75
5.43
7.76
9.23
8.13
7.96
7.91
8.82
8.29
9.0
8.44
7.6
6.3
7.43
9.56
7.25
5.64
7.22
6.0
6.82
7.67
6.5
8.33
8.09
4.81
5.12
6.66
6.74
7.31
6.67
5.72
7.01
5.68
5.46
7.63
8.22
8.35
5.4
4.7
3.96
3.14
4.7
5.53
7.31
8.05
8.48
5.12
4.0
6.05
5.72
4.7
5.29
6.24
8.6
11.0
8.71
8.49
6.46
6.52
5.03
3.83
4.29
4.44
6.12
6.86
6.07
7.75
7.94
7.37
8.36
8.56
8.48
7.94
7.94
8.29
7.91
8.29
9.15
8.12
7.47
7.65
7.52
8.82
7.3
7.7
7.26
8.47
8.29
5.17
3.97
2.41
3.81
4.47
6.35
4.26
3.52
5.56
5.75
4.8
5.97
6.12
5.71
7.8
10.2
7.03
6.14
6.87
6.01
7.3
7.77
6.37
7.17
7.51
8.62
5.78
5.93
8.19
7.77
9.72
7.46
7.84
9.1
7.77
8.12
8.99
6.09
6.64
9.01
11.3
10.1
8.79
10.7
10.3
8.35
5.02
4.05
6.27
7.25
3.79
3.31
4.61
5.42
7.43
9.43
12.1
12.0
12.2
9.85
5.76
3.46
3.39
5.71
8.06
9.28
7.26
4.9
4.46
3.01
3.66
4.96
4.31
4.59
7.0
9.29
11.8
13.9
8.84
6.21
5.37
3.88
5.66
8.03
9.43
7.61
7.46
7.34
7.33
8.9
7.33
7.7
7.22
6.73
9.11
11.5
8.27
7.67
5.84
5.78
7.39
4.32
4.75
3.82
6.07
6.27
7.97
7.07
4.3
4.3
3.81
6.16
6.17
4.73
4.81
4.0
6.07
6.99
7.09
4.19
5.27
5.94
4.62
5.72
7.82
8.04
4.74
4.93
6.39
5.83
5.9
4.48
2.88
3.04
4.33
4.37
4.9
7.19
8.0
6.72
6.05
7.87
10.2
9.95
10.6
7.23
8.6
8.22
7.87
9.08
11.5
10.4
10.9
7.99
6.42
8.32
7.16
6.73
6.92
5.71
5.28
5.55
6.16
6.13
4.39
5.65
4.92
5.97
5.91
6.22
5.58
6.16
5.24
7.21
9.6
9.05
9.2
7.44
5.31
3.88
3.34
3.13
3.8
5.77
6.92
6.8
4.41
4.19
3.01
2.93
4.45
6.09
5.26
3.61
3.44
3.7
3.26
3.6
5.86
6.48
4.48
4.24
5.0
4.53
3.5
5.31
5.27
4.87
4.2
5.6
4.69
5.69
4.46
4.4
6.44
8.8
8.33
6.29
7.11
9.24
9.0
5.64
7.09
6.23
4.43
5.0
7.37
9.01
8.27
6.24
4.97
3.87
5.2
4.56
4.11
5.21
6.19
4.58
4.8
6.93
8.44
8.32
6.53
5.13
5.91
4.43
5.37
5.79
5.25
7.04
6.81
8.48
8.41
7.11
5.12
4.95
4.18
4.88
5.19
5.31
4.67
5.88
7.55
6.38
7.14
9.42
9.59
5.57
4.15
4.73
5.68
8.16
10.6
6.86
4.19
3.21
3.83
4.46
6.01
6.83
6.22
7.52
8.03
6.82
6.04
5.97
6.39
7.7
10.1
8.73
6.36
7.48
8.56
6.61
5.88
7.27
7.66
9.93
11.4
10.6
8.92
11.3
8.18
5.4
6.19
5.17
6.14
6.29
6.85
7.15
7.3
9.66
8.53
5.73
6.86
7.24
7.36
8.8
10.4
9.52
8.95
6.07
7.39
8.03
8.97
9.96
9.35
7.62
7.63
5.25
6.39
7.12
7.07
8.48
9.23
3.49
3.42
3.57
5.43
4.51
3.68
3.57
3.64
4.04
5.65
4.63
4.93
7.07
9.48
10.6
6.66
7.08
7.07
6.17
6.02
3.21
4.67
6.92
8.84
7.73
6.78
4.78
7.08
9.49
9.77
6.6
5.85
6.73
7.44
8.34
7.43
5.28
5.03
5.87
6.28
6.26
7.97
6.93
3.65
5.48
7.87
4.92
4.68
3.81
5.66
5.0
5.41
5.18
5.92
6.95
5.73
5.31
6.28
6.89
9.31
10.7
7.41
6.46
6.15
8.66
9.43
6.72
6.8
7.89
7.23
6.7
6.08
5.72
6.29
6.39
8.62
7.22
7.17
6.87
6.42
8.82
9.58
7.01
6.65
6.52
3.88
4.63
6.85
8.14
7.41
4.05
3.72
4.29
6.66
8.06
5.97
7.96
8.25
9.48
5.76
4.78
5.02
4.99
5.78
5.24
3.46
4.02
4.96
4.87
3.81
4.18
3.7
4.93
7.12
4.96
6.26
6.57
8.07
6.78
5.25
6.31
5.86
6.94
9.39
8.97
4.04
3.14
5.39
6.32
7.52
7.17
4.17
4.97
7.0
7.08
8.79
6.85
5.19
4.41
2.48
3.94
4.99
6.26
5.29
6.19
5.99
8.13
9.8
5.43
2.43
4.44
6.61
6.44
7.73
6.07
5.54
7.61
6.8
6.87
9.24
10.0
6.79
6.07
4.95
5.79
6.87
6.88
4.51
4.9
6.5
6.21
4.81
3.39
4.05
5.33
5.99
4.46
4.8
4.39
5.63
4.48
6.57
8.97
8.31
8.79
6.07
5.05
3.65
4.02
4.03
5.66
7.8
7.27
6.77
6.26
7.01
3.95
3.49
4.58
6.92
7.73
8.65
8.16
7.6
7.99
6.38
7.58
9.9
11.9
7.69
6.54
6.67
6.75
6.12
5.76
3.15
3.41
4.43
4.19
6.46
5.78
6.22
7.88
4.62
5.76
5.83
7.71
7.29
5.49
4.74
6.78
7.84
5.99
5.31
4.29
5.99
3.34
5.0
5.19
5.12
5.25
5.76
6.85
6.45
6.39
5.41
5.73
5.83
6.42
5.35
4.09
6.24
8.39
7.39
6.39
6.89
7.93
6.5
8.35
6.78
5.17
7.12
6.73
6.93
6.2
6.68
6.17
4.75
5.1
7.23
8.43
8.72
10.2
7.91
6.23
5.79
4.52
5.29
6.2
8.62
8.27
6.83
4.01
4.95
5.21
4.93
4.9
5.33
7.65
5.48
3.73
5.75
4.69
4.93
4.6
3.13
5.21
4.1
4.19
3.86
3.7
3.78
6.09
7.56
5.73
5.64
7.0
7.34
9.73
10.5
7.47
5.29
5.31
4.82
4.81
6.66
7.51
8.32
5.76
4.93
3.44
5.79
5.37
4.32
2.83
3.49
5.57
4.84
4.01
3.59
3.35
4.39
6.3
8.64
7.82
4.95
6.58
6.72
6.89
7.91
6.15
7.22
6.8
3.75
5.36
7.83
7.9
9.24
8.47
5.65
5.14
5.5
5.4
7.07
6.7
6.24
6.67
7.27
6.34
7.47
6.37
5.02
6.85
9.08
8.33
8.04
6.41
6.34
5.41
5.82
8.1
8.42
5.37
6.83
4.74
4.65
6.6
6.43
4.03
3.88
3.79
3.92
3.22
3.52
5.5
4.17
4.08
3.72
5.31
7.61
8.56
5.22
4.51
5.48
4.63
6.12
6.08
6.66
8.54
8.19
5.04
6.06
4.67
3.64
4.84
4.76
3.19
3.9
3.17
4.69
7.26
9.6
7.29
3.79
3.02
3.8
5.8
7.75
6.27
7.09
7.32
7.15
5.94
5.83
8.03
8.61
9.02
8.53
5.82
5.22
7.04
5.12
4.56
4.39
4.4
4.27
3.83
3.39
5.24
6.35
7.16
8.12
8.75
7.25
6.09
7.23
8.32
4.26
5.29
6.14
4.87
6.44
8.86
8.97
7.54
6.44
8.85
11.3
10.1
7.44
6.26
4.55
4.29
4.41
6.34
4.51
6.78
9.06
10.7
9.81
7.54
4.89
4.74
3.88
4.4
6.01
6.52
8.92
10.0
6.9
4.95
6.57
7.4
7.71
7.71
7.54
6.77
4.38
3.79
5.39
7.07
6.21
4.87
7.18
5.37
6.41
6.58
7.53
4.98
5.19
6.08
6.29
5.13
4.78
3.68
4.98
7.34
8.35
8.4
4.98
5.54
5.76
7.51
7.94
8.05
8.83
8.43
7.7
6.24
6.22
6.01
4.17
4.56
3.61
3.54
4.93
5.84
7.29
5.73
7.97
8.2
8.69
5.5
4.68
5.8
8.17
7.98
4.23
3.12
3.88
6.23
7.91
8.0
7.45
7.94
8.34
9.38
6.05
5.63
4.87
6.28
5.26
6.37
7.02
7.61
7.17
5.9
6.54
6.52
5.79
5.29
5.1
4.67
4.32
6.63
8.62
4.78
4.88
5.43
5.8
3.7
3.15
3.83
4.24
6.36
8.91
11.2
9.88
8.97
7.87
9.05
8.7
9.07
7.37
8.92
8.04
6.45
6.27
5.18
5.72
4.91
5.82
4.98
3.22
4.7
4.8
5.32
6.46
7.15
9.51
8.6
6.67
4.78
5.53
7.1
7.17
8.76
11.0
7.14
9.06
8.48
6.2
6.05
4.89
4.74
7.01
7.3
6.28
3.29
4.3
4.82
5.26
5.97
6.92
8.86
5.93
5.17
4.41
5.79
5.83
3.83
6.02
5.98
2.86
3.6
5.8
4.98
4.49
4.76
6.53
6.8
4.92
5.49
4.54
4.63
5.79
6.24
8.57
8.0
5.2
4.97
6.21
4.78
5.22
5.54
7.55
8.57
6.16
4.46
6.65
8.94
9.0
5.6
5.48
5.12
4.97
3.9
3.2
4.44
4.51
4.71
7.03
7.03
6.26
5.83
5.03
6.24
5.4
5.64
5.72
5.32
5.34
7.1
5.69
6.7
6.23
5.92
4.17
5.03
6.21
7.1
6.86
7.66
5.51
5.85
7.17
6.53
6.78
6.01
6.7
6.7
5.73
8.03
6.95
5.61
4.71
3.92
4.84
7.31
5.62
4.8
4.96
4.56
4.9
5.28
3.45
4.3
4.69
5.83
4.82
6.53
7.67
8.2
5.66
3.92
6.22
7.39
6.94
7.46
7.75
7.22
8.14
8.94
7.47
8.51
5.66
4.08
4.67
2.91
4.73
6.56
4.03
5.14
7.52
7.43
4.34
4.22
3.27
2.54
3.96
6.32
6.17
8.24
8.8
7.68
6.52
6.21
7.83
9.0
7.0
8.65
7.37
3.38
3.94
5.12
4.95
6.5
7.07
5.49
5.64
8.04
6.14
4.71
4.09
5.58
4.92
4.25
5.25
6.56
6.36
6.0
5.56
4.14
3.08
3.88
3.89
4.58
6.28
5.27
3.48
4.88
7.31
6.83
6.51
8.44
6.3
4.15
5.88
7.46
5.21
6.99
7.17
8.13
6.86
6.94
5.85
5.15
3.75
4.89
6.37
4.38
4.29
4.22
3.51
4.37
6.34
6.35
8.7
10.7
9.13
8.8
6.86
4.0
4.89
5.03
5.31
6.07
8.49
9.73
4.63
2.62
2.43
4.75
6.87
6.58
8.22
8.18
7.39
7.73
8.61
10.9
13.1
8.12
7.22
7.16
7.54
6.13
8.25
10.3
9.45
11.7
8.13
6.3
4.4
6.57
8.48
7.01
5.14
4.77
3.9
6.2
8.47
10.6
7.7
8.86
6.39
5.48
6.92
4.03
3.64
5.97
7.55
5.88
5.32
6.45
6.12
6.88
6.77
8.6
8.11
6.35
5.68
6.23
8.21
7.96
10.2
8.93
8.27
9.63
9.94
4.77
4.45
6.09
6.44
7.49
5.35
4.22
5.26
5.84
5.44
5.68
4.93
5.28
5.73
5.43
5.68
4.3
4.08
4.49
6.75
7.23
6.12
7.39
4.4
4.25
4.0
5.29
5.4
4.92
6.31
8.47
6.58
7.74
8.76
6.13
3.72
5.03
7.37
6.76
4.38
2.55
3.36
3.75
5.99
7.53
2.9
4.58
5.62
7.07
8.85
6.96
5.66
6.54
4.14
5.77
6.96
7.49
5.71
5.84
6.86
6.73
8.92
11.3
11.2
6.21
7.34
5.27
6.58
7.25
7.37
8.88
10.3
10.1
12.1
7.08
6.41
5.28
4.7
7.03
9.39
8.99
9.45
4.6
3.67
3.9
6.04
7.1
6.93
7.17
8.95
7.89
3.89
3.17
4.4
2.73
2.17
3.37
4.62
3.95
6.19
6.61
5.71
5.64
7.88
8.04
6.75
6.09
8.29
10.7
12.5
9.81
5.8
5.48
6.79
9.22
8.4
7.58
5.68
4.76
6.78
6.21
5.28
4.03
4.47
6.8
9.17
10.9
10.2
12.2
13.5
12.6
8.98
6.6
4.34
6.29
6.56
6.56
5.39
5.6
4.26
6.26
7.44
4.71
4.48
4.67
3.52
4.23
5.4
6.63
8.78
10.3
6.87
7.97
6.17
5.9
7.71
6.46
2.91
2.69
3.63
5.92
6.43
5.49
5.47
7.66
7.68
9.21
8.44
7.1
6.83
4.97
3.87
5.37
7.68
8.72
7.97
6.59
7.77
7.58
6.43
6.14
6.32
6.53
6.37
6.66
4.69
5.26
5.69
7.41
7.78
7.74
7.67
6.24
6.99
4.96
7.14
7.08
6.27
4.34
4.62
4.53
4.22
3.65
5.83
8.22
8.29
5.42
6.41
8.82
8.25
5.06
4.65
5.24
4.36
5.44
4.95
3.6
3.68
5.51
4.67
4.22
6.39
5.86
4.47
4.91
6.57
6.52
6.21
7.19
5.93
4.71
6.42
7.32
7.45
6.37
7.27
7.73
6.63
6.08
6.29
8.2
6.74
6.93
7.05
8.75
8.0
6.26
6.97
7.68
7.55
5.51
5.2
4.17
4.6
5.65
5.07
5.26
3.92
4.29
4.12
5.15
5.57
7.43
5.38
5.24
7.3
6.9
9.12
8.31
6.52
5.86
4.43
4.87
7.31
9.61
10.4
10.3
9.02
7.39
7.44
8.65
6.48
5.25
4.3
4.33
4.8
3.94
3.32
3.39
5.71
8.06
10.3
8.95
7.75
7.58
6.92
5.48
3.35
3.02
4.43
4.33
3.75
5.8
7.8
6.8
6.95
4.92
4.88
5.84
6.23
6.7
7.31
4.65
6.2
8.58
11.0
9.83
9.0
7.14
6.8
7.55
7.78
7.58
9.64
10.2
9.93
8.53
8.26
7.02
7.04
8.22
8.48
7.39
7.36
7.61
5.94
4.07
2.61
4.22
3.07
4.0
6.44
7.03
8.1
8.14
9.59
12.0
12.2
4.19
4.75
6.83
9.38
9.11
5.49
7.66
8.6
3.94
4.73
7.07
9.36
11.6
12.0
10.3
7.62
8.25
5.86
5.24
4.76
3.56
5.39
7.62
7.65
8.95
6.77
6.37
7.3
7.41
6.35
8.42
10.7
10.4
4.23
5.28
6.07
4.36
2.94
3.71
5.49
4.85
5.9
5.37
4.96
4.95
4.34
6.13
4.73
5.68
5.05
6.3
8.65
9.36
7.7
6.16
3.53
3.45
5.8
5.93
7.96
9.94
6.21
4.44
4.22
4.36
4.84
4.95
3.98
4.67
5.09
4.27
3.13
3.82
2.7
4.3
4.33
4.38
6.17
6.64
5.17
4.26
6.22
8.65
10.6
13.0
7.46
4.7
3.92
3.41
4.95
7.29
5.93
3.78
3.92
4.43
3.39
4.9
5.09
5.19
5.06
7.09
6.93
9.17
11.5
14.0
11.7
9.67
6.56
7.21
4.69
5.62
5.86
4.33
6.04
7.04
7.82
7.73
9.19
8.11
6.09
6.63
5.92
3.59
3.9
5.97
8.51
10.4
8.61
5.22
4.93
5.21
4.31
4.62
6.79
5.44
6.53
7.67
7.31
5.34
6.44
5.7
7.39
5.33
6.19
6.43
6.39
7.75
6.39
6.02
5.47
7.34
7.8
8.61
6.27
3.73
5.77
7.03
6.16
6.04
6.41
5.4
4.76
6.72
6.61
8.9
7.19
5.42
3.9
3.02
4.71
5.14
4.78
4.18
5.84
6.3
7.05
6.12
5.62
5.14
5.66
5.98
6.74
7.26
9.61
10.2
5.25
7.32
7.68
8.55
8.76
7.1
7.39
5.86
5.42
6.26
8.55
6.39
6.88
4.97
5.69
4.62
5.31
4.36
4.55
6.66
6.39
5.39
6.1
6.26
7.73
7.59
6.73
7.82
8.24
10.0
6.74
3.19
3.9
6.22
8.51
10.6
8.2
5.86
5.82
3.59
4.3
3.76
6.05
6.09
8.18
9.44
6.77
8.73
10.5
9.37
5.46
5.0
6.49
7.27
5.85
4.0
5.25
2.81
3.74
5.69
4.32
3.57
2.64
3.38
5.73
6.26
3.58
4.53
5.24
5.14
7.01
5.48
7.39
9.78
10.3
4.18
3.59
4.18
5.17
4.77
5.76
6.04
3.7
5.24
7.51
9.37
8.87
9.58
6.61
4.63
7.11
7.69
8.84
8.0
7.95
7.36
7.11
8.24
6.74
4.8
6.43
6.87
6.71
6.86
5.26
3.72
4.31
6.61
8.91
7.75
7.24
6.58
3.96
4.9
3.97
5.55
7.87
8.04
4.97
5.22
6.95
8.47
6.21
6.04
6.39
7.0
9.3
9.33
10.4
9.7
8.48
7.01
5.37
6.38
5.03
3.14
5.5
6.64
7.14
6.39
4.74
6.95
6.1
5.56
6.26
8.56
6.78
5.13
6.29
5.19
3.88
5.44
7.68
9.36
7.27
5.91
7.97
7.85
6.87
9.34
10.8
7.44
5.33
4.83
4.53
6.49
7.54
7.6
7.04
4.98
6.85
9.26
8.72
7.46
8.18
8.46
10.7
13.1
13.5
9.73
6.77
4.97
6.48
6.06
6.38
8.78
11.1
11.3
6.51
5.62
5.09
5.55
7.94
9.86
5.12
3.94
2.86
3.45
4.49
6.94
9.23
9.67
8.95
6.35
6.04
5.99
8.0
8.41
5.48
4.16
4.68
4.93
5.05
6.86
6.95
5.98
8.33
9.05
9.3
8.72
7.26
9.46
11.9
10.7
12.3
12.4
8.6
7.51
7.67
4.82
5.94
6.94
7.15
4.63
4.52
6.54
7.89
6.09
4.88
5.58
5.19
5.66
4.71
3.96
4.74
3.97
4.01
5.28
6.26
6.07
4.62
5.4
7.75
9.68
9.86
9.56
9.97
8.88
8.82
9.81
9.41
6.17
5.39
6.79
5.05
7.27
7.08
4.43
6.65
6.64
8.0
5.65
7.63
6.79
6.48
7.89
5.69
6.28
7.63
6.61
7.07
9.44
11.9
9.7
6.13
6.26
5.88
6.34
5.71
3.95
4.11
4.61
4.12
5.44
5.78
6.72
5.86
6.2
7.0
5.86
4.81
7.0
8.79
6.26
5.92
7.58
7.34
5.24
4.73
5.98
5.7
4.97
6.9
7.41
6.29
7.65
7.14
8.22
3.6
4.82
7.11
8.97
7.72
5.56
6.06
5.75
7.08
9.34
8.39
7.59
8.56
6.9
6.35
6.92
5.26
6.05
4.83
6.78
6.94
6.72
7.6
5.76
7.21
7.1
8.54
8.63
8.05
6.08
6.12
5.83
6.08
7.26
7.08
5.05
6.89
7.09
9.34
10.4
9.79
8.86
7.89
5.46
3.97
4.33
5.03
6.35
6.26
3.68
3.93
4.83
5.69
6.78
5.98
4.18
2.72
3.24
5.58
7.37
5.94
7.37
5.8
6.44
4.93
4.67
6.78
9.26
8.46
7.47
7.04
6.51
8.9
7.24
7.09
7.82
6.75
8.36
7.73
4.99
3.67
3.46
4.55
4.33
4.93
7.27
9.78
9.23
7.75
7.37
6.58
7.14
8.25
9.05
6.27
5.14
6.13
6.64
6.45
6.8
5.0
6.12
6.6
6.34
6.3
7.91
7.59
8.14
6.66
5.76
5.53
5.37
7.69
10.0
7.87
4.83
3.61
3.09
4.83
4.24
6.29
8.12
5.66
2.87
4.56
5.29
6.67
6.61
8.62
9.52
9.16
8.54
10.7
8.97
7.01
5.88
6.66
5.57
3.88
5.54
5.76
5.73
6.54
5.64
7.15
7.83
7.61
7.83
8.27
7.6
5.46
6.02
5.83
5.6
6.15
7.63
8.42
5.19
6.44
7.7
5.35
4.12
4.25
6.58
6.58
8.41
8.46
6.8
8.78
7.8
5.6
5.75
6.52
3.31
2.76
3.7
3.83
4.46
3.42
5.62
7.98
10.3
12.8
11.2
6.58
6.95
4.26
6.44
7.9
8.13
7.32
5.77
3.54
4.19
5.83
4.95
5.66
6.34
8.69
8.24
4.25
3.9
5.5
7.82
10.2
7.15
5.98
7.71
6.66
5.28
6.68
7.41
7.27
6.74
5.27
5.73
6.14
4.53
3.43
2.47
3.63
4.44
6.41
5.85
5.95
4.38
3.23
5.43
7.66
6.56
5.66
5.24
5.46
6.79
4.58
5.07
4.84
5.49
7.09
4.05
5.39
7.81
10.2
8.98
8.11
9.95
9.05
6.3
6.68
7.16
9.45
8.75
7.39
9.14
5.57
3.23
5.0
6.08
7.08
8.36
8.65
10.6
7.33
8.82
9.56
6.77
4.53
4.89
5.29
6.43
6.95
7.01
8.1
7.61
7.18
5.32
3.08
3.72
6.16
5.41
5.48
5.49
6.29
8.46
5.04
4.2
5.09
4.33
4.84
6.41
6.75
8.13
6.34
5.98
4.43
5.19
5.76
5.18
7.23
7.82
5.53
6.59
5.91
4.52
5.94
7.11
7.32
9.61
11.9
13.4
12.1
9.46
5.02
4.4
6.74
7.51
8.49
7.45
5.88
6.26
7.05
8.84
10.6
6.02
6.49
8.26
6.87
7.7
5.35
7.22
5.84
6.64
8.98
11.4
10.7
11.3
8.58
6.28
5.12
6.04
8.43
10.8
8.48
8.5
7.97
6.9
4.17
3.64
5.29
5.78
7.92
6.29
7.27
7.01
8.61
9.46
4.54
3.98
5.69
6.36
8.2
9.44
6.74
4.48
6.43
5.71
6.3
8.6
11.0
9.7
5.4
6.37
7.39
6.66
5.19
7.34
7.73
7.4
5.68
6.16
5.76
7.96
7.53
9.38
10.4
10.3
6.16
6.21
8.62
7.4
4.93
5.22
7.39
8.93
7.25
6.93
6.61
6.53
6.89
8.2
8.36
8.5
4.91
5.26
6.78
7.37
6.02
4.36
4.4
6.77
6.99
8.29
6.92
6.94
8.47
6.44
4.89
4.7
2.42
3.31
4.3
4.8
4.98
5.62
4.0
3.52
4.6
7.0
7.99
8.39
10.2
7.63
6.23
8.47
7.08
5.83
6.81
5.44
4.31
4.67
5.9
6.77
9.16
11.5
8.53
5.33
6.2
6.17
8.41
8.28
6.93
7.63
6.07
8.04
6.51
5.19
5.75
3.93
5.41
5.88
6.53
6.37
7.16
7.7
4.92
6.21
7.97
6.68
4.63
5.28
7.23
9.53
8.82
10.9
13.2
12.9
11.8
5.43
4.36
5.21
5.93
6.17
6.38
6.32
5.07
5.02
6.27
4.58
3.83
4.88
6.43
8.55
5.97
6.17
4.2
4.23
5.65
4.62
4.02
4.82
5.47
6.88
5.22
4.87
4.66
4.85
5.29
7.11
4.78
4.53
5.1
7.44
5.65
4.98
6.68
8.43
4.71
4.16
3.68
3.98
3.88
4.02
5.72
4.31
5.39
6.58
8.98
10.7
10.7
9.42
6.97
3.89
5.34
7.45
7.27
6.87
8.22
8.1
7.8
9.29
10.4
6.65
7.1
6.8
4.11
5.13
4.36
5.48
7.84
7.89
7.59
8.55
11.0
8.29
4.85
6.16
8.58
11.0
8.29
5.47
5.97
6.94
7.69
6.28
6.3
6.75
8.63
6.96
7.51
9.17
6.67
7.9
9.14
7.45
5.2
4.0
3.68
4.44
2.7
3.98
5.63
4.03
3.06
4.05
4.0
4.62
6.75
6.28
4.73
3.95
4.15
4.97
7.34
8.54
4.76
2.84
3.72
6.02
8.43
9.83
6.07
6.67
6.36
8.57
7.1
6.81
5.32
6.78
9.22
6.93
7.0
4.4
4.23
3.61
4.25
5.42
4.59
6.74
7.08
6.96
8.03
6.44
7.22
7.53
5.2
4.15
4.93
6.76
7.27
5.65
3.12
4.16
5.73
6.41
7.16
5.47
6.56
6.9
8.78
6.45
4.62
5.31
4.62
4.18
4.92
5.29
4.15
2.65
4.22
5.05
5.0
7.1
9.52
10.8
9.82
7.77
8.2
6.78
6.87
7.1
6.28
6.88
7.14
6.05
5.04
7.17
9.34
6.74
7.82
7.63
7.75
4.68
5.0
4.55
2.81
4.08
5.5
5.83
4.77
6.41
6.3
4.53
5.92
7.8
6.48
6.99
5.13
6.22
6.82
9.21
11.6
11.2
12.3
14.4
15.4
10.8
8.83
10.7
11.2
7.41
6.39
7.05
7.05
4.9
3.3
5.61
5.78
7.61
10.2
8.58
7.43
4.31
4.38
4.69
4.92
5.53
6.28
7.36
4.29
5.98
6.29
4.23
6.15
4.77
3.24
4.16
4.49
2.86
3.75
4.7
3.92
6.08
5.83
5.83
8.2
8.24
9.13
6.0
5.78
8.14
7.58
6.38
4.53
3.72
4.41
6.32
6.2
6.28
7.8
10.4
11.3
11.2
11.4
6.36
7.19
2.59
3.17
4.04
3.79
2.32
4.31
4.97
6.06
4.49
6.61
8.98
7.3
4.63
5.09
5.0
3.0
3.38
4.15
3.05
3.64
5.35
7.74
7.73
6.59
6.27
7.56
5.42
5.65
8.0
7.67
8.51
6.77
4.6
4.9
4.88
5.03
5.21
5.97
6.97
5.76
6.71
5.26
6.35
6.52
6.46
8.47
6.58
5.47
3.87
2.18
3.95
6.34
8.49
7.01
6.37
7.27
9.68
10.7
7.32
6.94
7.85
4.27
4.05
4.8
4.95
4.46
5.27
6.74
6.79
8.25
7.88
4.68
4.71
5.26
6.66
7.09
6.41
6.46
3.38
4.6
7.08
7.02
3.37
5.13
6.2
3.19
4.37
5.76
3.08
3.59
5.2
5.09
5.86
5.79
3.59
3.79
4.26
5.34
7.67
8.82
5.94
6.09
7.96
6.3
7.22
7.33
8.47
4.47
6.29
7.9
7.8
7.41
5.78
4.84
6.85
7.05
5.91
5.99
8.06
6.87
6.54
9.02
8.5
5.68
7.47
8.51
6.04
5.5
4.74
4.17
5.19
7.51
8.02
8.29
5.62
2.72
2.86
4.26
4.71
6.65
7.78
8.47
10.9
10.5
8.54
9.12
7.7
6.0
7.31
7.66
6.68
5.71
6.51
8.03
6.14
6.26
6.35
6.09
6.82
7.56
7.02
5.47
5.71
7.25
7.07
3.52
5.19
6.59
6.8
5.8
4.62
3.37
5.31
7.69
10.1
9.19
9.31
8.24
7.19
5.44
7.85
7.89
8.85
8.31
10.4
12.8
12.0
8.05
4.54
4.23
4.92
5.75
4.17
5.17
7.59
7.17
4.32
3.19
3.02
5.24
7.6
7.71
6.32
8.66
9.64
9.83
10.2
8.04
9.81
7.92
5.8
6.04
6.1
5.41
5.42
5.76
5.8
4.97
7.02
6.94
3.88
3.71
4.0
4.85
4.68
6.67
9.04
10.7
8.68
5.85
6.23
5.48
3.36
2.56
4.48
6.75
9.16
5.68
5.85
5.77
3.64
3.81
3.34
2.94
4.91
4.0
3.97
6.22
6.3
8.53
8.91
9.58
7.76
5.18
7.44
9.01
8.77
6.7
5.86
3.9
4.71
4.6
4.08
5.03
5.94
6.3
4.88
4.75
4.38
5.49
6.74
9.22
10.0
8.4
4.8
6.43
8.62
6.74
5.83
5.22
5.79
4.41
5.14
6.08
6.45
5.25
4.93
4.54
5.36
4.4
4.23
3.6
4.08
4.69
6.67
7.14
4.4
3.79
3.5
5.68
5.46
3.98
3.92
6.45
5.33
6.35
6.82
6.16
6.34
4.78
4.68
5.53
6.97
7.4
9.28
7.76
7.98
6.72
4.73
5.28
5.84
6.45
5.27
4.49
5.68
4.39
2.92
3.54
5.06
5.79
3.38
3.93
5.4
7.84
10.3
11.5
7.67
5.93
4.97
7.34
9.37
7.65
8.03
9.89
6.72
6.09
4.65
3.04
4.17
5.28
5.49
5.92
7.32
7.45
5.55
4.38
6.38
5.86
4.49
4.49
4.99
3.87
5.03
6.63
5.7
6.49
5.56
5.53
6.22
6.2
8.27
6.88
4.97
4.76
4.47
5.1
4.17
5.78
6.38
7.67
9.38
5.92
4.27
4.99
6.94
9.06
6.13
5.06
5.7
5.0
4.49
3.28
2.4
3.2
5.48
7.81
9.01
7.05
4.32
3.92
4.01
5.41
7.6
7.96
5.76
4.53
3.87
3.79
5.26
4.24
6.35
4.19
4.27
4.84
6.29
6.88
7.17
4.26
4.19
5.18
7.54
7.98
5.29
4.43
4.62
5.85
4.89
6.21
6.72
6.54
4.51
5.75
5.29
5.69
5.86
6.2
5.65
6.97
5.33
5.13
4.63
5.5
6.01
3.96
5.48
7.78
10.3
9.55
5.95
7.31
7.44
8.63
8.65
7.36
4.3
2.94
3.1
4.98
7.29
9.63
8.86
6.46
6.29
6.35
3.58
5.54
6.16
4.16
5.05
4.04
3.34
5.39
7.78
7.48
9.05
7.73
4.62
5.64
7.73
4.05
3.27
4.82
7.27
9.61
7.51
6.8
6.94
5.6
5.35
4.92
4.51
6.88
8.84
7.28
6.09
3.81
4.43
6.3
8.11
7.76
6.93
9.27
9.33
7.45
6.14
4.19
3.37
5.76
5.2
5.64
4.53
6.12
8.14
6.85
5.43
4.33
4.37
3.97
4.91
6.28
5.35
6.06
8.11
6.16
5.09
5.57
5.42
4.91
5.42
7.19
9.58
5.88
4.38
6.24
6.83
6.04
4.17
6.01
8.49
6.93
3.65
2.81
4.77
4.29
5.31
5.6
6.26
4.92
3.86
5.32
5.2
6.17
6.39
7.52
6.93
4.23
4.26
5.18
6.54
5.32
6.96
6.82
4.74
4.05
4.45
6.53
5.55
6.29
7.46
7.85
6.07
7.15
9.55
9.9
8.64
7.37
6.78
7.96
5.77
6.96
9.33
8.58
6.92
6.81
4.99
4.05
5.55
5.78
6.06
5.42
3.54
4.19
6.35
6.39
8.48
9.28
6.81
5.87
6.08
8.58
9.56
9.81
7.98
6.24
7.15
7.26
5.62
4.39
4.9
7.24
7.33
5.64
4.49
6.87
5.24
5.92
6.46
6.06
4.93
6.13
6.36
6.53
7.54
9.89
12.2
13.7
9.59
10.7
11.8
8.75
7.46
8.36
8.98
9.89
7.53
6.88
8.35
6.53
7.52
7.66
6.78
6.86
6.74
6.99
7.07
9.42
9.3
4.03
2.12
2.92
4.9
3.82
2.94
3.29
5.66
8.06
6.38
4.23
3.39
3.23
4.95
4.46
3.46
3.6
4.65
3.83
2.87
4.24
6.41
5.04
5.1
5.8
5.57
5.79
4.67
5.98
6.56
7.21
6.0
5.19
5.42
7.44
7.34
8.63
8.41
8.25
8.25
7.05
6.07
8.11
7.43
3.01
3.74
4.33
4.68
3.8
3.58
3.96
3.3
3.72
5.66
4.47
6.05
6.02
5.78
5.84
5.36
7.88
10.2
6.63
4.26
2.95
4.93
6.57
6.82
5.37
5.19
4.78
6.8
7.07
4.15
2.39
4.41
5.76
4.91
6.27
4.6
3.78
4.95
7.27
9.34
4.88
6.05
6.3
7.07
5.06
4.39
4.33
5.85
6.58
7.88
7.55
6.5
5.93
8.26
8.82
7.45
8.73
11.1
9.46
4.3
3.57
3.96
5.82
5.03
5.33
4.4
5.72
4.96
4.59
5.36
3.86
4.93
5.25
5.75
7.15
9.83
12.2
11.4
6.35
6.67
8.06
8.92
6.75
5.99
8.49
9.2
7.38
6.32
7.25
6.28
7.39
9.85
10.2
7.15
7.53
4.55
6.7
6.89
4.54
6.32
8.7
7.84
6.51
4.29
5.26
4.69
5.95
6.65
3.94
4.03
6.32
7.48
3.28
3.66
5.71
8.12
8.09
6.71
4.68
5.58
4.98
6.44
8.03
7.88
7.31
4.74
4.78
6.97
4.46
3.66
5.24
5.82
8.1
10.5
9.22
7.48
6.38
5.94
4.48
3.48
3.32
4.43
4.9
6.99
6.32
5.77
6.3
4.58
4.4
3.65
3.89
3.24
4.44
4.32
5.18
5.79
5.75
7.66
6.07
7.01
6.98
5.76
4.18
4.32
6.13
6.42
7.19
5.78
5.98
7.87
9.51
8.17
7.49
7.58
8.77
6.21
8.6
9.65
8.05
7.99
7.41
7.12
7.49
5.85
6.0
5.09
3.14
4.27
4.29
5.05
6.3
5.19
3.51
5.83
7.9
7.55
9.09
5.06
3.07
4.99
5.72
7.29
5.26
3.45
5.44
5.85
6.01
6.87
5.87
6.43
5.42
4.91
4.33
4.91
2.64
2.87
4.3
6.49
8.91
10.8
10.3
9.04
10.5
9.24
3.42
4.41
6.24
4.98
4.47
5.02
6.67
9.01
11.3
10.6
9.51
10.5
12.6
11.4
9.23
5.83
3.82
5.25
6.06
6.2
8.19
8.9
6.95
4.3
4.41
6.59
6.29
8.56
10.7
8.88
8.6
8.22
6.5
4.44
3.07
2.79
2.72
3.0
5.11
7.51
7.78
4.87
4.71
7.1
5.76
5.18
5.71
4.97
6.36
8.7
8.92
8.47
8.48
8.8
5.79
6.22
4.89
5.43
3.27
5.1
5.43
6.13
3.74
5.66
6.66
7.7
9.85
8.25
8.09
10.5
12.4
8.0
6.57
7.03
5.93
6.51
7.56
4.81
5.56
5.92
7.87
6.92
5.9
6.0
6.65
8.72
4.93
3.13
4.78
5.47
5.76
5.14
4.63
5.6
5.95
3.82
6.19
8.55
6.8
7.48
7.23
9.15
10.7
6.97
6.23
5.04
6.0
8.36
6.15
4.88
5.31
5.64
7.3
8.63
6.49
8.17
5.27
5.37
7.7
8.48
8.58
4.87
5.06
5.87
5.44
4.44
5.4
6.05
7.63
7.51
6.68
5.9
4.71
6.59
8.86
10.0
9.59
7.02
5.4
5.49
4.66
4.74
5.55
5.92
7.14
6.15
7.09
6.87
7.94
7.07
4.53
5.19
7.53
8.7
5.85
3.6
4.73
5.56
3.51
4.33
2.93
4.75
5.25
6.66
4.55
4.33
4.77
5.31
6.37
7.17
3.72
5.22
5.49
4.03
5.82
6.56
6.54
5.34
7.4
6.46
5.46
5.44
4.88
5.5
3.64
5.15
4.11
4.18
6.45
8.87
11.0
8.76
8.83
8.09
7.49
4.73
3.65
5.31
5.78
3.92
4.46
4.76
6.19
8.62
6.6
4.89
5.07
7.18
8.46
8.41
5.33
4.62
5.21
5.4
3.27
3.89
5.19
5.54
5.48
4.08
4.37
4.05
4.11
6.16
8.03
6.57
5.61
6.09
4.98
5.61
5.29
4.37
4.08
5.77
7.03
4.67
5.62
7.82
7.6
7.15
7.78
4.22
5.37
3.35
4.95
4.09
5.22
4.88
4.29
4.58
5.77
6.36
6.27
6.16
3.79
3.2
2.32
2.32
2.79
4.67
3.9
5.57
5.78
8.02
10.2
4.84
4.55
4.9
5.05
6.73
4.03
3.63
5.82
4.32
4.95
4.48
4.85
4.99
5.33
5.58
7.73
8.16
4.99
3.52
3.76
4.85
4.53
5.54
6.77
6.05
4.1
4.67
5.11
6.41
5.71
6.36
6.72
7.85
6.27
4.56
4.87
3.21
2.5
4.18
5.2
3.32
5.35
6.96
5.85
4.58
3.02
4.1
3.36
3.35
4.07
4.84
6.53
5.85
6.5
4.75
6.73
8.91
6.26
6.65
5.39
6.97
6.64
4.91
5.03
5.19
4.8
3.51
4.01
6.05
4.38
6.44
5.29
6.31
7.54
7.77
7.47
6.93
5.77
6.52
6.59
7.48
5.66
5.37
5.5
7.14
7.14
6.09
4.97
6.78
8.11
8.22
10.3
8.07
6.28
5.51
4.14
5.55
4.14
3.8
3.6
2.7
4.59
6.97
8.22
6.95
6.6
4.41
4.8
4.97
3.01
5.24
5.54
6.88
4.82
2.84
5.04
6.01
4.1
3.93
4.63
4.32
4.85
6.94
7.04
8.85
5.63
4.9
3.9
3.34
3.98
4.89
7.09
4.58
4.9
5.33
5.03
4.97
5.24
5.17
6.32
5.82
4.88
7.04
7.34
6.24
6.41
4.82
3.66
6.02
6.97
5.44
5.4
7.58
9.86
9.63
9.38
6.71
6.15
7.97
6.52
7.41
8.55
5.66
6.14
8.22
7.89
10.1
11.7
10.9
12.9
8.41
6.28
6.28
4.87
2.94
2.11
3.79
5.42
6.13
7.7
5.37
7.0
5.44
7.11
6.78
7.74
6.96
7.75
8.8
7.41
8.29
10.2
4.68
5.47
5.9
6.26
7.04
7.8
7.27
6.75
9.12
8.69
7.67
8.43
7.87
5.71
7.41
7.99
7.37
6.16
5.14
3.44
3.43
3.65
5.97
7.47
5.54
5.83
7.59
6.8
6.72
7.16
6.3
5.43
6.08
8.46
7.6
3.41
3.96
3.58
5.7
6.63
4.98
5.41
7.7
8.76
5.75
6.13
8.54
10.8
9.9
11.3
10.4
8.42
5.87
5.17
7.3
5.98
4.76
6.49
7.46
7.14
5.82
5.09
7.4
9.73
9.07
6.26
7.49
6.26
4.76
4.95
4.39
5.27
7.58
10.0
8.77
5.57
6.06
6.23
5.62
7.37
7.24
7.03
6.04
6.16
5.61
5.43
4.51
6.01
8.2
7.56
5.36
2.91
3.63
4.38
5.0
6.74
6.06
6.34
6.7
4.96
6.02
6.05
7.39
4.74
5.68
8.04
8.53
5.83
5.95
4.56
5.02
7.15
5.87
6.52
7.96
4.69
5.83
4.83
5.46
6.05
6.27
6.02
7.3
5.8
4.36
6.13
8.41
8.2
7.07
6.38
8.66
6.54
7.33
4.98
5.25
5.63
5.07
3.01
4.33
6.77
9.09
8.33
6.24
4.52
4.76
5.61
6.48
3.61
4.33
3.79
5.28
6.39
5.27
6.53
5.53
3.85
5.02
4.82
4.39
5.76
6.26
6.83
4.95
5.0
5.0
5.29
7.69
5.68
6.07
6.89
7.76
5.69
5.69
5.65
6.17
5.79
7.38
5.68
6.95
9.34
9.37
6.54
7.98
7.85
8.03
7.24
7.78
5.43
6.94
10.7
8.7
7.78
3.92
5.57
4.37
5.5
6.21
5.51
9.26
5.21
5.33
10.2
5.57
5.51
6.39
7.97
6.01
3.68
3.66
6.88
7.76
10.7
9.05
6.97
9.09
6.87
8.68
10.6
6.07
5.85
5.25
5.24
5.22
4.56
4.7
7.65
4.61
5.55
6.04
5.71
11.6
11.9
7.03
9.83
6.59
9.05
7.37
8.05
5.39
5.65
5.98
5.73
5.62
6.49
7.71
8.33
10.3
8.25
4.77
8.16
9.65
6.39
4.09
4.0
5.62
6.89
9.51
10.1
5.17
7.88
8.46
5.42
5.6
7.55
11.1
14.4
6.72
7.44
10.2
5.5
7.62
6.12
6.32
9.24
6.36
4.56
7.87
6.92
11.3
12.2
8.42
6.77
8.54
7.8
7.96
10.7
9.56
6.8
8.05
8.14
8.85
9.42
7.85
8.94
7.46
9.45
7.33
8.9
6.6
7.05
9.81
8.94
7.46
6.34
8.9
9.86
10.5
7.14
4.37
4.47
4.05
6.51
6.32
6.24
8.02
9.04
8.64
10.5
9.22
5.83
9.29
7.24
9.21
7.59
6.66
6.82
7.01
8.13
6.24
4.25
4.7
3.43
7.0
11.5
12.1
11.6
9.59
6.29
6.28
6.07
8.07
6.44
7.31
4.26
4.62
9.38
12.5
10.1
6.36
7.73
9.6
6.85
7.7
6.85
9.2
8.71
9.05
9.6
11.3
9.45
3.83
4.39
5.84
9.37
13.3
6.43
5.5
4.93
5.86
6.61
6.88
5.15
5.57
8.72
8.88
5.33
4.68
4.55
7.61
8.21
9.74
6.3
6.01
6.12
7.29
6.81
5.79
7.05
8.95
7.11
5.92
4.23
2.61
7.27
8.76
12.4
5.12
6.88
6.54
10.5
7.25
6.15
6.14
6.86
5.92
6.19
8.6
10.2
6.8
4.41
7.24
10.9
9.55
7.73
4.88
5.72
6.01
7.01
9.15
6.8
7.02
4.69
5.06
5.14
3.76
6.67
6.9
4.01
6.0
8.44
5.84
8.07
8.4
5.55
7.43
7.69
7.83
6.73
9.48
10.9
6.7
6.85
7.46
5.09
6.16
9.5
7.09
8.46
7.51
8.25
7.66
6.27
6.04
5.99
8.18
3.34
6.89
9.01
5.65
8.58
11.6
6.01
6.28
7.81
6.36
7.97
7.05
7.21
7.16
6.81
8.29
7.33
7.98
8.46
5.46
7.49
7.56
4.31
5.85
5.18
5.29
5.66
4.02
5.75
4.93
5.31
4.4
6.68
7.75
6.87
5.6
7.24
8.0
5.36
6.07
7.59
6.22
9.12
6.99
5.99
7.24
6.39
8.69
4.92
4.03
5.21
6.5
8.17
8.88
8.18
13.9
11.9
7.05
8.22
7.84
7.08
6.7
7.45
6.51
5.92
7.65
13.1
8.33
6.36
7.8
4.26
8.21
9.49
10.8
7.85
7.65
5.72
6.67
4.16
6.54
5.11
6.28
6.43
4.41
3.02
5.87
5.53
9.51
13.0
15.3
4.84
8.78
6.45
8.63
6.56
6.58
7.09
13.4
10.2
4.97
6.34
4.75
6.3
6.83
6.57
6.04
11.9
6.64
4.99
4.91
5.12
4.68
6.16
4.25
4.46
6.96
6.07
7.29
4.53
4.75
4.59
5.05
4.71
6.94
7.16
3.98
3.74
7.39
11.1
7.76
7.17
6.12
4.67
4.56
5.94
6.07
8.34
5.6
7.11
8.71
8.62
10.8
5.98
4.77
6.7
7.26
5.93
5.44
3.78
4.23
5.95
5.97
8.35
12.3
10.6
4.25
8.28
11.3
9.75
5.97
5.66
9.17
5.87
4.0
5.91
4.97
3.66
5.29
7.63
8.17
5.82
7.17
9.27
8.82
7.95
11.2
13.1
10.7
8.1
4.54
4.32
7.68
9.06
8.57
7.43
7.59
7.02
8.29
9.42
10.5
7.73
9.27
7.7
6.35
7.48
10.6
7.12
5.66
5.21
5.85
4.91
5.61
6.13
7.98
8.47
10.9
11.9
10.4
11.5
13.3
11.0
13.5
11.5
6.39
6.42
9.0
8.34
6.14
5.36
6.28
6.29
6.96
6.22
6.92
7.94
6.81
6.59
6.95
9.88
3.97
8.16
6.14
6.75
9.7
7.14
8.66
8.79
6.73
7.38
8.84
6.65
6.17
10.0
7.04
4.41
6.36
13.0
13.4
9.58
6.2
5.43
5.49
4.89
4.92
5.66
9.07
7.1
5.39
9.04
6.67
5.19
6.78
5.8
8.49
8.49
7.6
11.3
7.33
6.51
4.17
4.83
6.83
6.97
11.6
7.95
8.87
5.85
8.8
7.19
7.48
6.95
8.27
7.48
6.59
6.5
6.63
4.08
4.69
3.9
5.6
5.66
5.28
5.42
4.01
7.23
8.36
7.22
6.08
6.67
8.1
9.64
9.78
9.78
7.46
6.43
5.78
8.75
9.02
8.34
4.69
3.92
5.85
4.83
5.98
6.68
8.93
5.35
4.61
4.34
7.49
7.8
6.02
5.4
8.69
10.2
5.8
5.44
7.3
8.78
7.07
10.5
7.09
5.86
4.09
3.89
5.1
8.32
8.04
4.68
5.57
4.27
4.84
8.22
6.71
4.69
8.22
13.2
8.46
6.29
7.11
5.49
5.75
8.14
9.79
6.71
4.82
6.08
8.51
6.58
7.41
5.25
7.73
4.76
4.81
5.93
8.04
9.3
5.82
6.92
6.19
7.81
6.71
4.39
4.19
6.45
7.84
9.05
10.1
8.48
9.33
7.32
4.99
6.94
10.2
6.16
6.49
6.34
8.0
8.13
7.24
6.65
9.11
9.35
9.28
11.7
10.8
7.81
6.34
7.43
6.75
4.71
6.17
5.62
7.27
11.5
6.29
11.5
7.89
6.51
7.59
10.6
7.96
7.77
6.37
7.48
6.97
5.47
6.1
7.01
9.26
6.65
5.35
4.46
4.52
5.07
7.66
7.78
9.17
6.26
4.68
6.94
6.36
8.38
6.17
5.85
5.41
5.4
5.12
6.07
10.2
8.61
5.18
7.68
7.47
7.45
7.84
11.4
10.3
5.37
8.6
10.0
7.59
9.96
3.89
4.56
4.53
5.97
6.51
9.7
9.24
7.49
7.17
5.26
6.22
3.51
5.11
1.84
3.06
8.22
13.2
10.9
10.7
11.0
11.9
11.4
10.5
7.45
5.91
3.89
4.69
8.99
8.41
6.56
6.15
8.29
8.27
5.91
7.15
4.97
4.77
8.16
6.16
7.88
5.92
4.95
5.83
7.52
9.64
7.76
3.43
6.31
9.3
4.77
5.02
9.35
8.88
6.3
6.48
7.78
7.8
9.36
7.87
9.58
6.14
6.82
8.65
11.3
11.3
7.23
4.15
7.39
7.48
6.57
3.87
5.26
7.11
8.28
13.5
9.57
7.74
9.23
13.1
9.61
6.44
11.0
7.85
6.52
9.24
4.7
4.93
6.16
4.74
5.87
7.46
8.06
5.35
4.77
7.74
6.23
4.44
5.78
7.96
6.28
6.88
5.43
9.29
5.51
7.07
8.47
5.09
8.33
8.16
5.06
7.92
6.19
4.58
8.26
9.72
12.4
13.4
5.15
5.54
8.76
9.23
5.75
5.97
8.94
9.46
8.62
8.53
7.74
6.26
9.68
8.91
7.43
5.62
6.17
5.69
4.8
6.16
10.5
7.84
5.42
4.62
8.82
8.58
6.57
7.05
5.44
4.45
6.28
6.81
4.61
6.08
6.42
8.13
4.68
8.06
3.75
5.2
7.09
3.96
5.39
7.66
4.05
7.74
12.5
8.39
6.61
7.39
6.66
7.66
7.97
12.1
4.73
4.0
4.78
5.88
7.66
4.33
5.98
6.78
7.29
9.79
4.22
5.29
5.24
5.7
6.02
5.37
6.12
5.61
4.27
5.98
5.71
6.21
6.99
6.09
8.62
9.19
11.0
6.66
5.31
7.76
7.25
4.38
8.27
7.6
5.36
8.72
14.5
12.3
6.36
6.17
3.87
5.42
6.77
4.65
6.85
9.38
7.16
11.1
10.7
10.3
8.09
4.97
3.72
6.89
5.71
6.6
5.54
8.03
6.46
5.39
4.68
6.9
7.3
4.52
4.31
6.08
7.27
8.75
10.9
6.02
4.23
7.27
10.2
7.34
5.29
7.54
8.34
6.37
5.37
5.92
7.14
9.43
6.2
5.43
5.21
6.2
6.17
7.52
10.0
9.0
10.8
10.5
8.54
7.41
6.08
5.14
5.69
5.99
7.3
7.19
7.95
5.26
7.98
8.9
9.07
7.55
5.54
4.65
7.53
4.34
4.05
4.91
6.24
5.41
6.48
5.12
7.38
8.5
8.51
11.1
7.78
5.39
4.44
4.68
5.51
4.96
8.0
9.88
7.0
6.72
5.76
6.64
7.68
6.28
5.51
7.14
5.47
3.32
8.5
9.68
12.3
9.28
7.04
6.39
10.7
12.2
10.7
5.73
5.15
5.91
6.74
8.61
8.82
5.14
5.43
4.8
4.02
6.41
4.71
5.82
5.93
6.8
6.27
6.01
5.22
9.31
7.15
4.33
7.82
8.2
6.48
5.94
6.83
7.92
4.24
7.97
9.01
5.2
6.2
4.12
4.81
4.32
7.22
11.9
9.59
7.3
7.54
4.49
4.25
5.91
9.42
8.39
8.35
4.85
5.85
8.09
5.82
6.12
9.56
11.1
3.93
7.53
8.28
11.3
10.7
12.0
8.19
7.94
6.99
9.5
4.38
4.78
5.12
3.22
4.67
5.09
5.92
9.16
6.55
7.56
6.59
7.87
8.54
5.95
6.19
8.56
7.7
9.16
3.48
3.53
7.16
9.22
7.78
5.15
5.75
5.86
5.9
6.26
8.48
4.9
5.12
6.49
6.97
7.61
7.81
6.06
7.61
7.15
5.48
5.34
6.57
7.44
6.86
8.41
5.84
6.86
5.36
4.02
5.05
5.2
5.34
7.01
9.66
7.36
6.04
7.77
7.96
6.79
8.65
6.53
6.23
7.3
5.95
3.65
7.24
7.04
5.93
6.95
8.79
5.91
6.51
6.96
9.0
10.4
4.82
3.86
6.8
7.9
7.6
10.0
5.36
4.02
3.93
6.88
5.77
7.14
7.74
5.63
4.89
9.43
6.54
5.68
7.09
8.46
10.6
10.8
10.1
10.1
7.68
9.46
5.56
7.11
5.94
5.76
8.16
7.67
9.58
4.9
4.41
3.45
5.7
4.68
4.92
4.99
3.86
3.12
2.84
5.86
4.3
7.09
4.68
5.21
5.39
5.79
3.87
7.51
10.4
8.28
6.39
8.09
6.81
5.25
7.3
9.16
7.89
10.1
10.7
8.09
6.71
4.59
5.92
8.92
8.42
7.07
12.5
8.24
6.15
6.15
9.24
6.83
8.78
7.95
6.14
8.04
9.05
5.6
7.21
7.38
4.19
3.92
3.85
5.4
7.71
6.14
7.99
5.71
6.22
7.05
8.68
12.1
9.77
6.64
11.1
7.46
7.05
4.88
5.8
5.11
5.37
7.92
9.34
7.3
6.38
5.26
8.38
5.88
5.84
8.07
7.03
6.26
4.46
8.29
6.86
6.29
10.3
10.6
10.3
7.53
6.28
8.24
4.95
7.27
8.26
7.24
6.13
6.0
7.44
7.43
4.99
5.72
4.87
5.54
4.1
4.27
9.09
11.4
7.68
6.56
7.09
6.08
6.82
11.7
8.98
4.77
5.24
5.94
6.92
5.85
5.5
5.11
3.86
5.04
4.8
4.77
6.57
7.12
10.1
10.2
6.39
7.53
6.74
7.62
6.77
6.57
7.59
6.19
5.65
4.78
4.33
2.83
6.96
6.06
3.38
5.19
7.25
6.23
9.3
9.65
7.61
6.59
5.04
7.91
8.09
8.9
6.48
5.71
6.46
7.36
11.7
9.38
9.24
7.65
8.77
8.66
6.75
7.49
8.63
6.57
9.11
6.85
6.68
7.25
6.94
7.99
6.19
4.23
8.56
9.51
5.6
5.64
7.88
13.2
6.2
8.25
6.82
7.49
5.07
3.75
5.04
4.08
6.89
5.07
6.54
9.43
12.1
8.36
10.7
7.03
5.58
9.38
5.76
5.34
5.2
4.7
4.82
7.62
6.46
3.88
6.44
6.67
7.98
8.8
11.0
9.38
9.12
7.76
7.59
7.58
7.84
5.84
7.49
9.53
7.1
7.14
6.9
7.05
6.5
7.53
5.84
5.46
9.46
11.9
6.13
4.36
6.95
8.66
9.41
6.43
6.34
7.78
9.78
8.38
6.32
7.71
4.52
8.5
6.44
6.7
8.7
6.36
6.71
3.42
5.92
8.4
6.58
4.68
2.78
5.51
9.05
8.82
11.8
12.1
7.03
6.32
7.6
13.1
8.25
7.46
7.23
5.68
7.51
8.18
9.8
6.78
6.08
6.44
4.01
8.61
9.73
7.88
7.33
6.8
7.27
6.73
10.3
5.36
7.89
7.25
6.16
8.85
7.55
8.86
6.61
8.55
5.87
6.14
10.5
8.87
8.31
9.65
12.2
11.0
8.47
9.06
11.8
6.28
9.24
6.1
11.1
9.44
6.41
4.67
6.73
3.7
5.29
6.43
8.17
6.28
9.08
13.0
11.8
6.94
6.78
7.7
7.4
7.46
6.88
11.0
11.8
6.34
10.2
9.48
6.48
7.73
8.34
12.0
7.47
8.51
7.02
8.62
11.9
12.3
8.86
9.02
6.26
6.88
5.72
7.14
6.5
5.64
8.77
8.75
10.6
8.91
9.51
5.06
3.64
8.42
8.17
7.55
2.64
5.92
7.38
7.09
6.49
4.47
4.73
8.91
7.52
9.37
6.2
4.59
7.55
8.04
9.72
10.3
6.89
6.08
4.14
5.49
9.22
9.02
6.65
3.95
5.15
4.41
5.86
6.1
8.1
10.5
13.4
8.82
4.78
6.32
7.71
9.24
5.03
7.01
8.12
6.28
6.5
5.54
6.73
5.04
8.25
8.85
9.57
10.1
5.69
7.27
4.49
6.52
8.11
9.95
8.75
5.63
4.33
4.8
5.41
5.21
4.87
8.58
5.6
5.12
6.56
9.92
9.58
6.63
8.26
7.95
9.0
3.27
5.95
7.08
6.14
4.93
5.6
5.92
3.19
3.73
7.32
5.54
5.15
5.44
6.71
5.35
7.88
5.04
5.31
6.8
9.01
6.0
6.44
7.75
7.56
7.32
7.25
8.39
3.59
7.32
12.3
13.9
11.0
7.39
5.21
7.04
6.07
5.17
6.14
7.33
9.8
8.49
4.02
7.48
4.65
8.44
7.76
8.64
6.65
5.2
3.63
6.16
5.4
7.02
5.39
8.34
8.87
4.87
7.39
7.24
5.14
5.55
6.68
8.48
9.29
7.4
7.24
5.04
6.65
12.8
5.5
7.27
5.21
6.7
5.66
7.03
7.78
9.36
13.6
9.2
5.26
5.58
7.47
6.6
7.52
4.54
4.33
4.75
6.19
7.65
6.77
9.86
7.8
8.92
4.63
5.55
8.24
6.86
9.37
7.98
6.05
10.0
12.2
6.17
4.45
6.89
9.16
11.2
6.83
8.69
6.26
4.37
3.36
5.8
7.78
8.31
5.32
6.79
5.78
5.5
6.78
3.71
4.19
5.69
4.48
7.05
6.1
4.83
7.19
5.95
4.98
5.8
7.02
11.1
7.84
9.24
11.2
9.0
8.99
12.6
12.6
8.03
7.39
8.33
7.4
6.68
8.65
8.84
8.36
5.69
8.42
8.8
8.0
6.42
11.1
6.45
9.67
10.1
7.73
10.7
6.24
3.85
4.23
4.83
2.86
6.63
13.2
13.5
5.79
6.9
5.46
5.65
8.79
7.75
7.09
4.6
4.9
8.95
8.86
5.69
8.55
8.4
5.72
3.82
7.65
5.69
7.21
5.6
7.04
7.46
4.19
5.92
7.15
4.39
5.82
5.41
5.22
5.66
6.68
6.7
4.69
8.48
11.4
6.82
6.6
5.82
6.27
5.09
3.73
5.98
8.55
6.7
7.53
7.1
4.47
4.45
7.38
7.74
8.43
7.49
6.04
7.63
11.7
12.2
8.8
6.36
7.33
4.39
6.85
8.04
8.64
5.55
7.6
9.78
4.53
6.75
5.0
7.78
13.8
10.6
9.09
11.6
6.1
4.96
4.82
5.54
5.19
7.69
4.34
8.31
5.75
8.06
5.0
7.29
8.99
9.78
7.18
9.14
6.58
4.76
4.97
4.47
6.93
7.6
10.4
9.87
3.64
3.65
6.71
8.41
5.06
8.27
8.94
7.29
9.83
6.06
5.04
5.29
5.55
5.41
7.38
7.55
7.68
8.22
8.87
6.71
6.32
7.8
6.64
8.22
11.1
12.0
12.6
5.8
5.56
5.62
5.47
5.56
7.98
9.96
7.87
6.06
5.94
5.63
3.3
6.24
6.15
5.22
8.2
6.75
3.45
4.6
6.52
7.8
8.49
9.58
7.14
8.64
5.42
5.73
6.88
8.8
5.41
3.43
4.75
4.93
5.8
5.8
8.27
8.33
9.38
8.14
6.52
6.22
8.46
10.7
5.58
7.67
5.47
5.53
3.66
3.75
4.16
4.95
6.49
6.35
4.85
7.71
9.31
8.19
7.84
5.58
