4.0035130977630615	4.0	396.69951763926986	2.5044212341308594	0	0.8647398948669434	3.3728220367431643	0	1.6905130249916203
5.002793312072754	5.0	418.7938333732726	2.503077268600464	0	0.9433190822601318	3.4511611366271975	0	3.123534742371512
6.005329132080078	2.5	263.52089668518005	2.503264904022217	0	0.9623141288757324	3.4704949760437014	0	-0.37171783887048027
7.003374099731445	5.0	397.3685008337123	2.501946210861206	0	0.962632417678833	3.470581045150757	0	1.7076978820772384
8.00389814376831	4.0	338.6668281555946	2.502514123916626	0	0.9359931945800781	3.4442660713195803	0	2.456172608021168
9.003329038619995	2.5	269.7162846927489	2.50547194480896	0	0.9468181133270264	3.4549310111999514	0	0.30238200452527364
10.003414154052734	6.5	462.07650717784446	2.5003859996795654	0	0.9649219512939453	3.4728269481658938	0	1.7070241111726978
11.00320315361023	4.0	370.34161847159066	2.5041301250457764	0	0.948195219039917	3.4563889408111574	0	1.6654429537712223
12.003491163253784	4.0	344.38114005378	2.503101110458374	0	0.9586019515991211	3.4668419265747072	0	3.118830505387259
13.003703117370605	2.5	272.8393005828476	2.5053842067718506	0	0.9483749866485596	3.4566800498962404	0	0.30185729291638674
14.003600120544434	2.5	264.4446686169676	2.5054759979248047	0	0.9571869373321533	3.465759029388428	0	1.709144486805937
15.00366997718811	5.0	416.7713984777122	2.5024728775024414	0	0.9621148109436035	3.4703056716918947	0	1.707780494114897
16.003178119659424	6.5	498.5093163158953	2.5020830631256104	0	0.9526610374450684	3.461001148223877	0	3.7900133928351387
17.003836154937744	5.0	367.2127473297146	2.5015690326690674	0	0.9612307548522949	3.4702939891815188	0	3.000132747145372
18.003540992736816	2.5	290.73003022153216	2.50616192817688	0	0.9352130889892578	3.4435710811614992	0	-0.3636406704058197
19.003380060195923	5.0	433.57356984845666	2.5029749870300293	0	0.9673168659210205	3.475266923904419	0	1.70629211845114
20.00355625152588	4.0	386.4026347912204	2.5040230751037598	0	0.9463517665863037	3.4544331932067873	0	2.453122471455006
21.00340723991394	5.0	464.9385891012282	2.503736972808838	0	0.9482903480529785	3.456231107711792	0	3.1220137510461337
22.004053115844727	8.0	493.71616909200594	2.497731924057007	0	0.9474332332611084	3.4554688835144045	0	3.7916730722479794
23.0031681060791	5.0	396.8646746021233	2.5024733543395996	0	0.9553756713867188	3.4637489223480227	0	2.379178172860688
24.003287076950073	5.0	393.34383674694277	2.5018670558929443	0	0.952972412109375	3.460986843109131	0	3.7900176843695617
25.003714084625244	2.5	289.19852170555464	2.5057919025421143	0	0.9467294216156006	3.4549288654327395	0	-0.36704800568719187
26.003767013549805	8.0	477.3306020257198	2.4978208541870117	0	0.962378740310669	3.470763912200928	0	1.7076430219621863
27.00399422645569	10.0	597.2239783568276	2.4974172115325928	0	0.9527530670166016	3.460949172973633	0	5.200039873147418
28.003570318222046	4.0	379.03476944626436	2.503866195678711	0	0.9533350467681885	3.4613592529296877	0	0.371603111858299
29.003384113311768	8.0	503.20829021760323	2.4992501735687256	0	0.957348108291626	3.465934982299805	0	3.1191025886697306
30.003836154937744	8.0	488.0644654545454	2.4977049827575684	0	0.9470148086547852	3.4549801254272463	0	5.201830587411333
31.00349521636963	2.5	265.30108288634756	2.50539231300354	0	0.9559347629547119	3.464280118942261	0	-1.7798642694772548
32.00295925140381	2.5	298.2128434105	2.5064899921417236	0	0.9457898139953613	3.45372127532959	0	1.7127558130235883
33.00331425666809	4.0	346.522141440846	2.5036532878875732	0	0.9553279876708984	3.463872184753418	0	1.7097105401964396
34.004563331604004	6.5	433.419859463928	2.4984030723571777	0	0.9654881954193115	3.473477354049683	0	3.116839877144768
35.003642082214355	8.0	526.70756286692	2.499211072921753	0	0.9466323852539062	3.4547099971771242	0	4.578993531551636
36.00332522392273	2.5	283.43722124611435	2.5059170722961426	0	0.93023681640625	3.4383532905578615	0	-1.772086220961935
37.00336003303528	10.0	539.3632014814053	2.4964559078216553	0	0.9655318260192871	3.473928918838501	0	1.7066935199709148
38.00378608703613	4.0	347.4766688068264	2.50308895111084	0	0.9485201835632324	3.456958045959473	0	0.3729234739493634
39.003338098526	6.5	457.7781210645622	2.5009069442749023	0	0.9587430953979492	3.4672181510925295	0	3.1187176380319137
40.0032262802124	6.5	444.44224185712886	2.500697135925293	0	0.9602010250091553	3.468785037994385	0	4.574771019306459
41.0033061504364	4.0	382.5174646602827	2.5042800903320312	0	0.9469089508056641	3.4549879932403567	0	1.6658632380424623
42.00372099876404	2.5	259.22768850432635	2.504711866378784	0	0.9499998092651367	3.4581749343872072	0	0.3014088275690967
43.00385403633118	10.0	551.3815088932416	2.496426820755005	0	0.9682018756866455	3.476655950546265	0	1.705875410458586
44.0038321018219	4.0	387.67049472005914	2.5037682056427	0	0.9530937671661377	3.4610979461669924	0	0.37168150388710774
45.00367832183838	4.0	409.1205618415919	2.504606246948242	0	0.9527130126953125	3.4608051681518557	0	3.1206415329141146
46.00339317321777	8.0	517.2326237417724	2.4994428157806396	0	0.9519104957580566	3.4602389240264895	0	3.1208114061517245
