3.0442681312561035	6.5	3.271088569273337	1	1.032371997833252	9.059906005859375e-06	0.5204303169250488	0	-15.876183721217831	-0.0	1.0	1.0
5.0348060131073	4.0	3.5405935846798124	1	0.1332540512084961	9.5367431640625e-07	0.6536843681335449	0	3.6501205574091182	-0.0	1.7570295230911122	1.0
6.167736053466797	2.5	2.4820299616230472	1	0.01005697250366211	2.1457672119140625e-06	0.663741340637207	0	2.385094562527903	-0.0	2.2029205384882875	1.0
7.177308082580566	6.5	3.273058799377154	1	0.988673210144043	9.5367431640625e-07	1.65241455078125	0	-25.252318774672126	-0.0	2.2587424231152395	1.0
9.166526079177856	8.0	2.6512654940271045	1	2.0203990936279297	3.0994415283203125e-06	3.67281364440918	0	-50.12285547599001	-0.0	2.427795152492225	1.0
12.186906337738037	4.0	3.5393469601816463	1	0.1327669620513916	1.9073486328125e-06	-1.1944193935394285	5	-11.578169328700355	-0.0	2.459719486997208	1.0
13.321609020233154	5.0	3.204887335820647	1	0.5642659664154053	3.0994415283203125e-06	-0.6301534271240232	0	-3.7009473411779314	-0.0	2.594672921145263	1.0
14.884389162063599	2.5	2.475744889025725	1	0.013216733932495117	3.0994415283203125e-06	-0.6169366931915281	0	1.4343370832145403	-0.0	2.6624745227758613	1.0
15.896909236907959	4.0	3.54425112841233	1	0.1315138339996338	1.9073486328125e-06	-0.4854228591918943	0	4.944269650094211	-0.0	2.6438015594008477	1.0
17.028393030166626	10.0	2.4904459665240397	1	3.018152952194214	1.9073486328125e-06	2.5327300930023195	0	-85.33247069858814	-0.0	2.725660611129164	1.0
21.046663999557495	8.0	2.6527819975553357	1	2.0182666778564453	1.9073486328125e-06	4.550996770858765	0	-51.09210799465472	-0.0	2.706059390745404	1.0
24.06513214111328	2.5	2.4817544507400937	1	0.01007699966430664	9.5367431640625e-07	-1.4389262294769285	6	-20.44370967295741	-0.0	2.7019611297307833	1.0
25.07465124130249	8.0	2.655513558345521	1	2.015393018722534	1.9073486328125e-06	0.5764667892456057	0	-56.43144082393893	-0.0	2.686232081231448	1.0
28.09094524383545	5.0	2.484240078419062	1	1.015617847442627	2.86102294921875e-06	1.5920846366882326	0	-21.932342615122096	-0.0	2.6841841797057193	1.0
30.106302976608276	2.5	2.478973398772542	1	0.011272192001342773	1.1920928955078125e-06	1.6033568286895754	0	-0.7859564386665632	-0.0	2.6716876733753034	1.0
31.118161916732788	6.5	3.2751612384332214	1	0.9874927997589111	1.9073486328125e-06	2.5908496284484865	0	-26.155341540785415	-0.0	2.660351539575141	1.0
33.10482311248779	10.0	2.4895835633389862	0.9999721050262451	3.019578218460083	9.5367431640625e-07	5.6104278469085695	0	-83.59784828265346	-0.0	2.694507633956145	1.0
37.12460494041443	2.5	2.4779048818159306	1	0.011518001556396484	2.1457672119140625e-06	-1.378054151535034	7	-25.736017264041408	-0.0	2.6837221565552425	1.0
38.13619828224182	10.0	2.488275135111437	1	3.0217928886413574	2.1457672119140625e-06	1.6437387371063235	0	-89.2527137285638	-0.0	2.6734312928182766	1.0
42.15806007385254	2.5	2.483304922058059	1	0.009530305862426758	1.9073486328125e-06	1.6532690429687502	0	-7.767340458545192	-0.0	2.747845049573849	1.0
43.167657136917114	5.0	2.4874114316796625	0.9999470710754395	1.0130400657653809	2.384185791015625e-06	2.666309108734131	0	-25.160669149992707	-0.0	2.822010295676752	1.0
