4.007413864135742	8.0	7.9680711337221934	1.5046250820159912	0	4.0531158447265625e-06	2.5020697021484377	0	3.448275446430573	9.42396065193104.031624794006348	10.0	9.933636089121515	1.5082042217254639	0	0.9699292182922363	2.476449480056763	0	-2.4744373623658227	10.612631930333816
6.009095907211304	8.0	7.973132074180492	1.5047509670257568	0	2.1457672119140625e-06	2.476449480056763	0	0.9912985404339025	10.96474068687656.7.011900901794434	8.0	8.023441135328367	1.5075700283050537	0	2.86102294921875e-06	2.476449480056763	0	3.635609817828735	11.333151119417186
8.009127855300903	4.0	4.00357183594945	1.5082080364227295	0	2.86102294921875e-06	2.476449480056763	0	5.420758228342416	9.511179626108145
9.00929570198059	4.0	3.982650045957628	1.5037620067596436	0	3.0994415283203125e-06	2.476449480056763	0	-3.590155118936872	7.970637011695976
10.012563943862915	5.0	434.36382842111806	2.492177963256836	0	4.0531158447265625e-06	2.476449480056763	0	1.9550223255426893	9.19352902806110.024624824523926	10.0	9.880065080270299	1.5031120777130127	0	0.977135181427002	2.5020697021484377	0	-4.579499126137334	10.318868056847709
12.013078927993774	5.0	5.008608593786384	1.5047521591186523	0	3.5762786865234375e-06	2.5020697021484377	0	6.510855762821793	10.318868056847709
13.011932849884033	10.0	5.002278531344922	1	0.49439096450805664	3.0994415283203125e-06	2.9964606666564944	0	-2.500057584457501	10.443665991146167
15.01094388961792	8.0	7.957774109700798	1	0.005417823791503906	2.86102294921875e-06	3.0018784904479983	0	0.4712873538341711	7.7375193571871606
17.006621837615967	6.5	3.2598659368042453	0.9999129772186279	0.9940860271453857	2.1457672119140625e-06	3.995964517593384	0	3.1101808074374997	4.930141883924968
18.01063871383667	2.5	2.50446220542458	1.0015759468078613	0	4.76837158203125e-06	3.995964517593384	0	-11.150219229946025	5.700252788616699
19.009854793548584	2.5	227.08738494856524	1.9904208183288574	0	4.0531158447265625e-06	3.995964517593384	0	-9.5586024184421	8.939564962373057
20.003384113311768	4.0	4.01870372663681	1.9950158596038818	0	2.86102294921875e-06	3.995964517593384	0	-1.9145108582226094	8.834408501843846
20.015878915786743	5.0	4.997076314621906	1.99434494972229	0	1.9073486328125e-06	3.995964517593384	0	-3.3245217459598155	9.481321059684426
21.016260862350464	5.0	4.998142217703486	1.9939110279083252	0	3.337860107421875e-06	3.995964517593384	0	-0.23392336593656005	10.327236261795194
22.01614999771118	2.5	2.5211038484860286	2.002208948135376	0	2.86102294921875e-06	3.995964517593384	0	1.5512250445771176	10.327236261795194
2256	0	0.9837026596069336	2.476449480056763	0	3.0707400821137387	10.327236261795194
22.020147800445557	8.0	532.4072099517645	2.4999492168426514	0	0.9811110496520996	2.476449480056763	0	2.283647288711265	8.36272243760937
